7.610699999999999932e+01 -9.553097188472747803e-04 -9.102544747292995453e-03 1.743324100971221924e-04 2.426106630175229109e-02 -1.591951822754766876e-02 -7.865625775198292497e-05 9.995788930417137674e-01
7.632399999999999807e+01 3.653089515864849091e-05 -9.557044133543968201e-03 -8.928591851145029068e-04 2.338886135325818003e-02 -1.601903910462309372e-02 -9.486481284614315572e-05 9.995980905100959601e-01
7.650799999999999557e+01 -1.676328130997717381e-03 -9.057031013071537018e-03 1.049268874339759350e-03 2.375639615315176117e-02 -1.655106697077819017e-02 -1.240959501919123588e-04 9.995807523277637774e-01
7.670000000000000284e+01 -8.120809216052293777e-04 -8.485454134643077850e-03 6.947878864593803883e-04 2.358231159838405921e-02 -1.618121160936144415e-02 -1.113429167589554303e-04 9.995909316181718074e-01
7.690500000000000114e+01 -1.839498290792107582e-04 -8.801461197435855865e-03 -1.102422596886754036e-03 2.353983460181648460e-02 -1.633092683117158203e-02 -1.328745567670448508e-04 9.995894954230493124e-01
7.711499999999999488e+01 2.553130907472223043e-04 -8.755831979215145111e-03 -1.067715813405811787e-03 2.378163583071466955e-02 -1.511581775635931560e-02 -1.693607271307635506e-04 9.996028797316041103e-01
7.731300000000000239e+01 -1.677644904702901840e-03 -9.502386674284934998e-03 1.411843928508460522e-03 2.347626601336628635e-02 -1.549884919040613387e-02 -1.975568079220235977e-04 9.996042274716281373e-01
7.751500000000000057e+01 -1.328080426901578903e-03 -9.282475337386131287e-03 1.070032943971455097e-03 2.389044684047276351e-02 -1.505790410508656141e-02 -1.491583826378121524e-04 9.996011623770258980e-01
7.770600000000000307e+01 -1.039209775626659393e-03 -9.278919547796249390e-03 2.446330618113279343e-04 2.244849989744672134e-02 -1.361173685686939416e-02 -2.322137432916977166e-04 9.996553063675854833e-01
7.791599999999999682e+01 -1.550843240693211555e-03 -9.973370470106601715e-03 -1.791953691281378269e-04 2.338290591856874781e-02 -1.741516510255873215e-02 -1.305490287386629113e-04 9.995748769813120882e-01
7.810500000000000398e+01 -1.493316842243075371e-03 -9.852772578597068787e-03 -2.842116227839142084e-04 2.307955095617707925e-02 -1.726509109724465654e-02 -1.536368321499135018e-04 9.995845273676401410e-01
7.832299999999999329e+01 -1.679837470874190331e-03 -9.562453255057334900e-03 7.511395961046218872e-04 2.504246437706504277e-02 -1.448571758266849717e-02 -2.001110060084010205e-04 9.995814118517930558e-01
7.851200000000000045e+01 1.261538732796907425e-02 1.211706921458244324e-02 6.398187018930912018e-03 2.162584789995643589e-02 -1.568235920845127696e-02 2.629888955312715583e-04 9.996430948839218900e-01
7.872199999999999420e+01 8.971989154815673828e-02 3.414159640669822693e-03 -1.205846015363931656e-02 2.452446147812669189e-02 -1.715817705596352216e-02 -1.226004394420541089e-03 9.995512216302617770e-01
7.891599999999999682e+01 1.211012899875640869e-01 2.253856975585222244e-03 1.792747527360916138e-02 2.451482993791785983e-02 -1.790347799926085212e-02 -1.299875066912803238e-03 9.995382928699907410e-01
7.910599999999999454e+01 2.350855618715286255e-01 8.809270337224006653e-03 1.367010269314050674e-02 2.192315142045428433e-02 -2.530203520308643358e-02 -6.376548044140258184e-04 9.994392306902545320e-01
7.930899999999999750e+01 5.562537312507629395e-01 -3.096895106136798859e-02 3.670820221304893494e-02 2.442220213999470035e-02 -2.807734028963373984e-02 2.851882003622006369e-03 9.993033001916539204e-01
7.951000000000000512e+01 1.168014645576477051e+00 -4.730369150638580322e-02 8.645337074995040894e-02 2.137111398302785070e-02 -1.323251060105186221e-02 4.357831936137588832e-03 9.996745397633840513e-01
7.971299999999999386e+01 1.639560937881469727e+00 -4.305522143840789795e-02 1.369332969188690186e-01 2.370948359251094650e-02 -1.054576132953504580e-02 4.690373795653800075e-03 9.996522633893317744e-01
7.991200000000000614e+01 2.194680690765380859e+00 -4.757999628782272339e-02 1.592945605516433716e-01 2.648141485358602651e-02 -2.312251290583084047e-03 4.718593989646089129e-03 9.996354950841241926e-01
8.010800000000000409e+01 2.759157180786132812e+00 -1.601779088377952576e-02 3.329274654388427734e-01 2.281303047198706205e-02 1.941099083393216240e-02 5.294841172034659739e-03 9.995372648043153729e-01
8.031300000000000239e+01 3.279869079589843750e+00 -1.052008196711540222e-02 3.543511033058166504e-01 1.988666698504754082e-02 2.378570878397321189e-02 5.628800593743563639e-03 9.995034152706762098e-01
8.051999999999999602e+01 3.754263877868652344e+00 -5.598173942416906357e-03 3.561227619647979736e-01 1.928851725512499560e-02 2.782730260372767370e-02 5.795523918457501367e-03 9.994098289662803891e-01
8.071699999999999875e+01 4.356318950653076172e+00 3.238426055759191513e-03 4.290610849857330322e-01 1.772370705006019384e-02 4.511905280188600875e-02 5.965328452059480771e-03 9.988065659271183616e-01
8.090000000000000568e+01 4.738929271697998047e+00 8.080561645328998566e-03 3.904629647731781006e-01 1.855864433754347495e-02 4.345931777475230823e-02 6.086300323671287905e-03 9.988642657374804390e-01
8.111599999999999966e+01 5.332479953765869141e+00 3.020225092768669128e-02 4.020158052444458008e-01 1.735878547851285245e-02 5.521576106349836838e-02 6.377370628124348802e-03 9.983031711062331226e-01
8.130800000000000693e+01 5.815741062164306641e+00 3.838746249675750732e-02 3.422444760799407959e-01 1.674527612988265662e-02 5.478641783360271855e-02 6.280521668313727990e-03 9.983379183402129042e-01
8.152500000000000568e+01 6.353950023651123047e+00 5.683899670839309692e-02 3.278059661388397217e-01 1.568391117204136209e-02 6.070295293276330856e-02 6.641614112268151918e-03 9.980105487406302212e-01
8.171800000000000352e+01 6.792458057403564453e+00 6.033930927515029907e-02 2.565070986747741699e-01 1.660655771844772935e-02 5.806567897560017955e-02 6.443023750382225953e-03 9.981538391504579666e-01
8.191599999999999682e+01 7.304314613342285156e+00 7.719548046588897705e-02 2.117563039064407349e-01 1.423350060078941437e-02 6.231814812280612320e-02 6.502746468400975345e-03 9.979336501809923377e-01
8.210200000000000387e+01 7.712898254394531250e+00 8.914826065301895142e-02 1.808766275644302368e-01 1.341070164897223936e-02 6.387260546829787167e-02 6.727663260248622178e-03 9.978452695177896237e-01
8.232200000000000273e+01 8.218008995056152344e+00 8.874586224555969238e-02 9.991232305765151978e-02 1.528537121601557594e-02 6.398115449283556244e-02 5.942108165228821709e-03 9.978163461514875099e-01
8.250700000000000500e+01 8.657192230224609375e+00 7.219231873750686646e-02 3.968320786952972412e-02 1.745963547697657395e-02 5.930007309803017601e-02 5.179537399187032071e-03 9.980740628089229682e-01
8.270099999999999341e+01 9.095870018005371094e+00 4.849976673722267151e-02 -8.593425154685974121e-04 2.327132780775149554e-02 6.046496204484957254e-02 4.431147531176316337e-03 9.978891715007914831e-01
8.292100000000000648e+01 9.610465049743652344e+00 4.036168754100799561e-02 -7.294085621833801270e-02 2.167397822701553831e-02 5.578958789459011192e-02 4.011841093310150770e-03 9.981992114209510270e-01
8.312199999999999989e+01 9.978220939636230469e+00 4.312963783740997314e-02 -1.348853111267089844e-01 2.553847595819851157e-02 5.412989671433760669e-02 3.925853746540234127e-03 9.981995432776896715e-01
8.332299999999999329e+01 1.017585849761962891e+01 4.925402626395225525e-02 -1.656800061464309692e-01 2.453046631823383242e-02 5.106326713930773448e-02 4.055272725435299895e-03 9.983858741660921465e-01
8.350400000000000489e+01 1.014897346496582031e+01 1.508976221084594727e-01 -7.325430214405059814e-02 2.548651202435917029e-02 6.270722749311537225e-02 -1.413556914696670677e-02 9.976063487217040615e-01
8.371699999999999875e+01 9.764487266540527344e+00 4.160268306732177734e-01 -1.044976711273193359e-01 1.590280186084678388e-02 5.529728384476635672e-02 -4.977044509700198627e-02 9.971019075737506121e-01
8.390699999999999648e+01 9.658645629882812500e+00 3.998307287693023682e-01 -6.997320055961608887e-02 1.801437935165934104e-02 5.947710473687899124e-02 -5.253375722842881096e-02 9.966835809323626449e-01
8.411700000000000443e+01 9.591079711914062500e+00 5.735072493553161621e-01 -5.402530729770660400e-02 1.703504544882743915e-02 5.985570653580912781e-02 -8.056301501766986728e-02 9.948048563577270853e-01
8.432200000000000273e+01 9.533414840698242188e+00 8.213395476341247559e-01 -8.790675550699234009e-03 1.266249078629169342e-02 6.442165054126405832e-02 -1.177429606325054445e-01 9.908713879662276458e-01
8.451699999999999591e+01 9.319779396057128906e+00 1.227382779121398926e+00 -5.309864878654479980e-03 5.689525892221309819e-03 6.234917455610990838e-02 -1.730888990414985174e-01 9.829142601243994193e-01
8.471500000000000341e+01 9.177731513977050781e+00 1.664576768875122070e+00 4.711205512285232544e-02 3.247620442704275689e-03 6.459476011391532269e-02 -2.406019255895226472e-01 9.684666660912495395e-01
8.492000000000000171e+01 9.222571372985839844e+00 2.417184352874755859e+00 9.238101541996002197e-03 -1.539831598925651968e-02 6.094643717565185331e-02 -3.396485460770788389e-01 9.384494066320334671e-01
8.509999999999999432e+01 9.436367034912109375e+00 2.955451011657714844e+00 1.676467992365360260e-02 -1.725660771704049662e-02 6.133735776332231021e-02 -4.380391410070915148e-01 8.966948471907729701e-01
8.531199999999999761e+01 8.379104614257812500e+00 3.659816503524780273e+00 2.674049735069274902e-01 -3.323570208845707391e-02 7.668159013843200977e-02 -5.674603204454248262e-01 8.191484032582281305e-01
8.551900000000000546e+01 8.812007904052734375e+00 3.878256797790527344e+00 1.999557316303253174e-01 -3.924281899975781696e-02 7.358183516069506658e-02 -6.309891343791123042e-01 7.712965882115876415e-01
8.570799999999999841e+01 8.960689544677734375e+00 3.943319797515869141e+00 1.650790721178054810e-01 -4.081127834463636056e-02 7.319789370827012309e-02 -6.453636214655091852e-01 7.592643176163833552e-01
8.591100000000000136e+01 8.898661613464355469e+00 3.915180206298828125e+00 1.921118348836898804e-01 -3.627295473710947377e-02 7.379584545496607750e-02 -6.386795860461060848e-01 7.650665541743417730e-01
8.610699999999999932e+01 1.006540966033935547e+01 3.922433614730834961e+00 -5.247724056243896484e-02 -2.945825951818435359e-02 5.490962100401002716e-02 -5.833193412655146570e-01 8.098491776700901257e-01
8.629999999999999716e+01 9.906087875366210938e+00 3.903182268142700195e+00 -3.683979064226150513e-02 -2.894822336894660106e-02 5.789273126408536752e-02 -5.505140209799292972e-01 8.323128887233910422e-01
8.650199999999999534e+01 1.084657382965087891e+01 3.789875030517578125e+00 -1.037642583250999451e-01 -2.309461357867424389e-02 5.562350623637134228e-02 -5.004651130812647342e-01 8.636592701790335447e-01
8.670600000000000307e+01 1.139738178253173828e+01 3.589195728302001953e+00 -6.778290867805480957e-02 -1.974150143737280275e-02 5.396907270183449318e-02 -4.648739383409984938e-01 8.835099511403546879e-01
8.690900000000000603e+01 1.141783237457275391e+01 3.553009510040283203e+00 -5.080755427479743958e-02 -2.077180994245618473e-02 5.586642279414778117e-02 -4.580601496155117802e-01 8.869207259107855235e-01
8.711700000000000443e+01 1.156295680999755859e+01 3.430250167846679688e+00 -5.104472115635871887e-02 -2.039458522799107373e-02 5.740547664099118763e-02 -4.582206590685680703e-01 8.867482730447044936e-01
8.731900000000000261e+01 1.178794097900390625e+01 3.126471042633056641e+00 -5.788869410753250122e-02 -2.107380871952142104e-02 5.805248476495052101e-02 -4.580976082770000790e-01 8.867538468422679898e-01
8.751800000000000068e+01 1.204460144042968750e+01 2.758855819702148438e+00 -9.625803679227828979e-02 -2.036007901658515307e-02 5.895725376112601057e-02 -4.583032965438513795e-01 8.866045329166906130e-01
8.771200000000000330e+01 1.224773979187011719e+01 2.357068777084350586e+00 -1.105017736554145813e-01 -1.941553029419807938e-02 5.962522094585374910e-02 -4.579563483188750506e-01 8.867603133006091154e-01
8.792600000000000193e+01 1.258647823333740234e+01 1.889981746673583984e+00 -1.324518769979476929e-01 -5.684190576066557726e-03 6.052046966237747266e-02 -4.591280265014816009e-01 8.862879994731932554e-01
8.811400000000000432e+01 1.277538299560546875e+01 1.457723140716552734e+00 -1.349017024040222168e-01 3.615533619093880963e-03 6.077785752426597549e-02 -4.596575091265599489e-01 8.860067461678696743e-01
8.832200000000000273e+01 1.305141830444335938e+01 1.055925011634826660e+00 -1.756584346294403076e-01 4.937743321865497442e-03 5.725890634837252358e-02 -4.595077845235491787e-01 8.863123785082409611e-01
8.850199999999999534e+01 1.328551769256591797e+01 7.276451587677001953e-01 -2.340678423643112183e-01 4.641807297589117809e-03 5.348838860709753673e-02 -4.594626333360732895e-01 8.865729154881223373e-01
8.871999999999999886e+01 1.353558254241943359e+01 3.221370279788970947e-01 -2.955254614353179932e-01 4.980793572832670907e-03 4.943778806821567950e-02 -4.589913610467252769e-01 8.870501830735291193e-01
8.892900000000000205e+01 1.376772785186767578e+01 -8.051577210426330566e-02 -3.594819903373718262e-01 5.179331318985892080e-03 4.346499774239907798e-02 -4.588075369697373063e-01 8.874568229035734168e-01
8.910599999999999454e+01 1.401317310333251953e+01 -4.282057881355285645e-01 -4.065199196338653564e-01 1.227385646242754730e-03 4.111089488126361269e-02 -4.582495688081434371e-01 8.878714549605071227e-01
8.931699999999999307e+01 1.423609161376953125e+01 -8.242583274841308594e-01 -4.553356766700744629e-01 2.907578404326278260e-03 3.793397465265195556e-02 -4.572504251986126977e-01 8.885238366023516798e-01
8.952400000000000091e+01 1.448988151550292969e+01 -1.242766737937927246e+00 -5.129066705703735352e-01 7.989969996442872202e-03 3.018509657901251308e-02 -4.571680959487853801e-01 8.888320158334384047e-01
8.970000000000000284e+01 1.470960330963134766e+01 -1.551584959030151367e+00 -5.900172591209411621e-01 2.599349068471944191e-03 2.658811402086815739e-02 -4.566443116759175136e-01 8.892481589473553161e-01
8.992199999999999704e+01 1.497241687774658203e+01 -1.916244029998779297e+00 -6.555662751197814941e-01 1.846126971437392350e-04 2.124557832998245910e-02 -4.563668311061809812e-01 8.895380299827991832e-01
9.010999999999999943e+01 1.523441505432128906e+01 -2.268311262130737305e+00 -7.110618352890014648e-01 -4.987708058767198124e-03 1.877032467601570664e-02 -4.561829203339682892e-01 8.896740644053021674e-01
9.030299999999999727e+01 1.546108531951904297e+01 -2.653515815734863281e+00 -7.521389126777648926e-01 -1.926394496665554713e-03 1.457148399161507270e-02 -4.552724229915721676e-01 8.902308586663957302e-01
9.051900000000000546e+01 1.573425579071044922e+01 -3.036943674087524414e+00 -7.927561402320861816e-01 -8.922775270500931527e-04 1.286142167536301686e-02 -4.546520325425944531e-01 8.905758344903541568e-01
9.072599999999999909e+01 1.602572250366210938e+01 -3.459307670593261719e+00 -8.125479221343994141e-01 -1.371353420828603370e-03 9.966169341032730250e-03 -4.546179784229880116e-01 8.906297146137989174e-01
9.091299999999999670e+01 1.627106666564941406e+01 -3.816192150115966797e+00 -8.165341615676879883e-01 -8.306018999424090443e-04 1.127651491413419159e-02 -4.548096962777782304e-01 8.905168670404790543e-01
9.112600000000000477e+01 1.637467384338378906e+01 -4.022967815399169922e+00 -8.227642178535461426e-01 -1.416819674375335673e-03 1.092199690453115810e-02 -4.551343878295885381e-01 8.903546437350757792e-01
9.131499999999999773e+01 1.640225410461425781e+01 -4.042953968048095703e+00 -8.255480527877807617e-01 -1.776804293720982315e-03 1.123412278933410419e-02 -4.591422014038005761e-01 8.882899731178596214e-01
9.151200000000000045e+01 1.657923507690429688e+01 -3.946306467056274414e+00 -8.260856866836547852e-01 -7.410242035956185122e-04 9.887596165955067629e-03 -4.858410582498671748e-01 8.739909338453334398e-01
9.170600000000000307e+01 1.657771873474121094e+01 -3.946890592575073242e+00 -8.260896801948547363e-01 -2.846053414518664049e-03 9.839322403106157133e-03 -4.859136079324766766e-01 8.739468252363257195e-01
9.191800000000000637e+01 1.676257324218750000e+01 -3.845254421234130859e+00 -8.320163488388061523e-01 -1.009389411201122057e-03 1.202405370441120801e-02 -5.126520839339626656e-01 8.585116447105974880e-01
9.211700000000000443e+01 1.564629173278808594e+01 -3.657725095748901367e+00 -8.391406536102294922e-01 -8.654031748866848270e-04 1.244055749262038858e-02 -5.840709670382736585e-01 8.116067946176850345e-01
9.231900000000000261e+01 1.600757408142089844e+01 -3.630442857742309570e+00 -8.557636141777038574e-01 -2.527238902525920546e-03 1.196254745606365605e-02 -6.218833048385828954e-01 7.830144734836853582e-01
9.251000000000000512e+01 1.602241897583007812e+01 -3.628313064575195312e+00 -8.556902408599853516e-01 -6.839731191807122204e-04 1.159847930905708729e-02 -6.230207242426939462e-01 7.821190348166950912e-01
9.271699999999999875e+01 1.610469245910644531e+01 -3.742167234420776367e+00 -8.550339937210083008e-01 -5.524075910914305609e-03 1.273757539112236464e-02 -6.243137760906645184e-01 7.810502850277319942e-01
9.291700000000000159e+01 1.610829734802246094e+01 -3.762483119964599609e+00 -8.548927903175354004e-01 -5.342315325509807734e-03 1.297158079559471502e-02 -6.245197978869083677e-01 7.808829744628328351e-01
9.311299999999999955e+01 1.618350791931152344e+01 -3.841478347778320312e+00 -8.560860753059387207e-01 -2.676288363800608319e-03 1.215602062039220464e-02 -6.253038641662843622e-01 7.802820939262821165e-01
9.330800000000000693e+01 1.629330635070800781e+01 -4.113588333129882812e+00 -8.572329878807067871e-01 -3.007814049840239722e-03 1.225458909927950799e-02 -6.252549375077095517e-01 7.803185511205532610e-01
9.350799999999999557e+01 1.639891242980957031e+01 -4.559780597686767578e+00 -8.675868511199951172e-01 -3.033791347244612496e-03 1.327907763870749859e-02 -6.253037091487874122e-01 7.802626054937498168e-01
9.371999999999999886e+01 1.650020980834960938e+01 -5.033349990844726562e+00 -8.802354931831359863e-01 -2.787728525468494839e-03 1.235279074384415532e-02 -6.251796292199154337e-01 7.803781572666909083e-01
9.392700000000000671e+01 1.660636329650878906e+01 -5.512363433837890625e+00 -8.906556963920593262e-01 -3.970430582838576500e-03 1.318311718802461091e-02 -6.252124720059208940e-01 7.803331378010543995e-01
9.412800000000000011e+01 1.671401596069335938e+01 -5.992286205291748047e+00 -9.017420411109924316e-01 -1.628148793515081169e-03 1.247767062632595611e-02 -6.253814311394819692e-01 7.802177404117265347e-01
9.430500000000000682e+01 1.680569267272949219e+01 -6.381282806396484375e+00 -9.074501991271972656e-01 -1.685194907609576138e-03 1.256660194288575227e-02 -6.252396233958841254e-01 7.803298366521078666e-01
9.450400000000000489e+01 1.690727424621582031e+01 -6.848701477050781250e+00 -9.160075783729553223e-01 -6.395713159469788855e-04 1.289699351868520139e-02 -6.253402775612668663e-01 7.802453433160037033e-01
9.470199999999999818e+01 1.700096511840820312e+01 -7.314549922943115234e+00 -9.245026707649230957e-01 -2.038536684371122787e-03 9.828276009416488795e-03 -6.255276687764192989e-01 7.801374141483073954e-01
9.490500000000000114e+01 1.710403060913085938e+01 -7.773565769195556641e+00 -9.275832176208496094e-01 -1.616495383456908498e-03 1.131308748152167962e-02 -6.254729777243538402e-01 7.801621338740688527e-01
9.512699999999999534e+01 1.719064521789550781e+01 -8.311250686645507812e+00 -9.278463125228881836e-01 -5.949075542268419253e-05 9.283127564690518696e-03 -6.258725582524516939e-01 7.798700922781941491e-01
9.530899999999999750e+01 1.726888084411621094e+01 -8.721061706542968750e+00 -9.313368797302246094e-01 -5.171567247842148024e-04 8.794882305145430151e-03 -6.259514195545636817e-01 7.798122869971894078e-01
9.550300000000000011e+01 1.731772232055664062e+01 -9.142180442810058594e+00 -9.310159683227539062e-01 3.460238496288569297e-03 9.668765285235773541e-03 -6.267408148969144666e-01 7.791601200457832777e-01
9.570999999999999375e+01 1.737063026428222656e+01 -9.427524566650390625e+00 -9.406614899635314941e-01 1.250864450581365590e-03 6.736213597828506761e-03 -6.330298850503416341e-01 7.740970374556681577e-01
9.591700000000000159e+01 1.737373352050781250e+01 -9.548066139221191406e+00 -9.453136324882507324e-01 1.440307711792942341e-03 7.073444838319622834e-03 -6.333489378557951577e-01 7.738326788193625738e-01
9.611499999999999488e+01 1.747438812255859375e+01 -9.479059219360351562e+00 -9.371762871742248535e-01 2.988725312360406439e-03 9.430436967117161035e-03 -6.466405530661746281e-01 7.627307057604855167e-01
9.631000000000000227e+01 1.787749862670898438e+01 -9.133270263671875000e+00 -9.671332240104675293e-01 -3.503948927932085990e-03 1.038121341707716125e-02 -6.945537336117574290e-01 7.193573964837418622e-01
9.651999999999999602e+01 1.804972457885742188e+01 -8.765632629394531250e+00 -9.665637016296386719e-01 -4.338441835599517703e-03 9.602423952935264240e-03 -7.220297301965424852e-01 6.917817864680851914e-01
9.670799999999999841e+01 1.807660865783691406e+01 -8.535212516784667969e+00 -9.643799066543579102e-01 -2.773244915738254986e-03 1.063737127761712510e-02 -7.288048821501802443e-01 6.846331858732829234e-01
9.691400000000000148e+01 1.806332969665527344e+01 -8.462675094604492188e+00 -9.654217362403869629e-01 -2.717358573132379676e-03 1.341368754332796301e-02 -7.284143948627520571e-01 6.850001155515272888e-01
9.711700000000000443e+01 1.803997039794921875e+01 -8.502567291259765625e+00 -9.614942669868469238e-01 -2.851086864647040670e-03 9.246284102627844170e-03 -7.281954133272555696e-01 6.853012604272160635e-01
9.730500000000000682e+01 1.803027343750000000e+01 -8.520339965820312500e+00 -9.623785614967346191e-01 -2.330580815754082838e-03 9.858020815913425688e-03 -7.281836064512383633e-01 6.853072472361009249e-01
9.752200000000000557e+01 1.799788665771484375e+01 -8.719019889831542969e+00 -9.663339853286743164e-01 -4.244680700166633680e-03 1.064123691064742042e-02 -7.280972527545165329e-01 6.853780980554390334e-01
9.770900000000000318e+01 1.797545242309570312e+01 -9.075608253479003906e+00 -9.699206948280334473e-01 -4.819896033493488094e-03 1.051572755615203143e-02 -7.282327858323356384e-01 6.852322217431597862e-01
9.791800000000000637e+01 1.795535278320312500e+01 -9.567716598510742188e+00 -9.700902104377746582e-01 -4.813839728778468441e-03 1.119899421600624619e-02 -7.281884164392283809e-01 6.852685894153796031e-01
9.810299999999999443e+01 1.792549514770507812e+01 -1.000749969482421875e+01 -9.737739562988281250e-01 -5.464618278741546417e-03 9.391494126099414128e-03 -7.282311921350144157e-01 6.852454075634237807e-01
9.830700000000000216e+01 1.788881683349609375e+01 -1.047937583923339844e+01 -9.841018915176391602e-01 -3.812925434731370689e-03 1.032521996871491390e-02 -7.280956399304805426e-01 6.853871829458518805e-01
9.850100000000000477e+01 1.786246871948242188e+01 -1.093552303314208984e+01 -9.928659200668334961e-01 -5.148285573807086755e-03 1.023765826105265536e-02 -7.281448782731038127e-01 6.853274558586043286e-01
9.870900000000000318e+01 1.782731437683105469e+01 -1.142677783966064453e+01 -1.003364324569702148e+00 -6.764503169711454794e-03 1.101426272548899910e-02 -7.282259042198618859e-01 6.852152653996007592e-01
9.891299999999999670e+01 1.778918266296386719e+01 -1.160563278198242188e+01 -1.005135536193847656e+00 -6.636837542863024096e-03 8.541439451404085614e-03 -7.279139794574785993e-01 6.855831347910369411e-01
9.910699999999999932e+01 1.775006675720214844e+01 -1.160674381256103516e+01 -1.004464507102966309e+00 -6.009133418380732672e-03 1.036285220606621149e-02 -7.268019784576575937e-01 6.867425905823448806e-01
9.930899999999999750e+01 1.772264480590820312e+01 -1.160366439819335938e+01 -1.003385066986083984e+00 -4.632771911047398050e-03 9.641436930559722784e-03 -7.260559288116339438e-01 6.875524477127613610e-01
9.951000000000000512e+01 1.772305297851562500e+01 -1.160364246368408203e+01 -1.003150463104248047e+00 -8.128786208429713417e-03 7.350271945035994139e-03 -7.260990948988766958e-01 6.875027277939655956e-01
9.970499999999999829e+01 1.772320175170898438e+01 -1.160354423522949219e+01 -1.002649664878845215e+00 -7.557001516975559406e-03 6.709787006840544667e-03 -7.260750483050748549e-01 6.875411949222960395e-01
9.990200000000000102e+01 1.772299003601074219e+01 -1.160386085510253906e+01 -1.002720713615417480e+00 -6.491836383323972351e-03 8.818170163180812787e-03 -7.260479136999982153e-01 6.875569234232360438e-01
1.001020000000000039e+02 1.772660636901855469e+01 -1.160256481170654297e+01 -1.002357125282287598e+00 -5.772727259362040592e-03 1.064161804220184991e-02 -7.260261709683749620e-01 6.875604923600778795e-01
1.003080000000000069e+02 1.772434425354003906e+01 -1.160228443145751953e+01 -1.001476287841796875e+00 -5.470140089492272172e-03 9.119084305418936193e-03 -7.260267293700225499e-01 6.875842552801076923e-01
1.005079999999999956e+02 1.772504806518554688e+01 -1.160090351104736328e+01 -1.001738905906677246e+00 -5.742264001658976304e-03 1.024818771521214533e-02 -7.259946698500985285e-01 6.875999857489348832e-01
1.007079999999999984e+02 1.772357559204101562e+01 -1.160073375701904297e+01 -1.001662135124206543e+00 -4.199104441007908521e-03 9.652849456115294643e-03 -7.259940088410840042e-01 6.876204542813739717e-01
1.009020000000000010e+02 1.772561836242675781e+01 -1.160055351257324219e+01 -1.001262068748474121e+00 -6.620956097235856409e-03 8.492205783001758115e-03 -7.259993634636952020e-01 6.876110598525936313e-01
1.011119999999999948e+02 1.772547531127929688e+01 -1.159812927246093750e+01 -1.001910567283630371e+00 -6.764869421827426899e-03 1.028855798481636240e-02 -7.259611544127225757e-01 6.876254681147621062e-01
1.012999999999999972e+02 1.772571182250976562e+01 -1.159927845001220703e+01 -1.001397609710693359e+00 -7.228975064792397473e-03 9.082246703572743884e-03 -7.259829607213909020e-01 6.876147143979188803e-01
