7.610699999999999932e+01 -9.553086129017174244e-04 -9.102538228034973145e-03 1.743327156873419881e-04 2.441386895826854961e-02 -1.486122528840092515e-02 -1.020996521843021954e-04 9.995914648300459060e-01
7.632399999999999807e+01 3.653083695098757744e-05 -9.557036682963371277e-03 -8.928559836931526661e-04 2.435491009294781656e-02 -1.491520433380976764e-02 -1.063107804846283463e-04 9.995920986742858894e-01
7.650799999999999557e+01 -1.676326268352568150e-03 -9.057024493813514709e-03 1.049266662448644638e-03 2.436641600314640860e-02 -1.489833581592586026e-02 -1.543353860366678747e-04 9.995920635647655983e-01
7.670000000000000284e+01 -8.120800484903156757e-04 -8.485448546707630157e-03 6.947865476831793785e-04 2.439701340974994442e-02 -1.492266896968108547e-02 -1.289106401761469945e-04 9.995909578770471038e-01
7.690500000000000114e+01 -1.839497126638889313e-04 -8.801455609500408173e-03 -1.102419104427099228e-03 2.438032766123406428e-02 -1.497681360193335066e-02 -1.522141355275609246e-04 9.995905519302994424e-01
7.711499999999999488e+01 2.553127123974263668e-04 -8.755826391279697418e-03 -1.067712437361478806e-03 2.438933029523790083e-02 -1.485477044486623217e-02 -1.665508217254744582e-04 9.995921511414561644e-01
7.731300000000000239e+01 -1.677643042057752609e-03 -9.502377361059188843e-03 1.411840203218162060e-03 2.433541094409739231e-02 -1.478188712218482352e-02 -2.017166587005782990e-04 9.995945392496292659e-01
7.751500000000000057e+01 -1.328078913502395153e-03 -9.282466024160385132e-03 1.070030266419053078e-03 2.442808490829320722e-02 -1.481240843024246231e-02 -1.470679065462851629e-04 9.995918364988980453e-01
7.770600000000000307e+01 -1.039208611473441124e-03 -9.278908371925354004e-03 2.446329162921756506e-04 2.428665779420263043e-02 -1.468353249231470897e-02 -1.811233776489024863e-04 9.995971785279592625e-01
7.791599999999999682e+01 -1.550841494463384151e-03 -9.973358362913131714e-03 -1.791943213902413845e-04 2.434588017181074995e-02 -1.502556037424121298e-02 -1.720540957734218975e-04 9.995906567447935265e-01
7.810500000000000398e+01 -1.493315212428569794e-03 -9.852761402726173401e-03 -2.842102549038827419e-04 2.431629833901280402e-02 -1.500648818313354838e-02 -1.872983565831516997e-04 9.995916605628637486e-01
7.832299999999999329e+01 -1.679835491813719273e-03 -9.562443010509014130e-03 7.511376752518117428e-04 2.453734096269670137e-02 -1.476616710445029582e-02 -2.005358463214536768e-04 9.995898353789409718e-01
7.851200000000000045e+01 1.261537149548530579e-02 1.211702916771173477e-02 6.398169323801994324e-03 2.303354688835505815e-02 -1.498772518011408372e-02 2.690689762576701561e-04 9.996223043797860530e-01
7.872199999999999420e+01 8.971976488828659058e-02 3.414138685911893845e-03 -1.205841079354286194e-02 2.534610649807542138e-02 -1.755094130047024290e-02 -1.201927529424469529e-03 9.995239340381346649e-01
7.891599999999999682e+01 1.211011186242103577e-01 2.253839280456304550e-03 1.792741753160953522e-02 2.477813325847171011e-02 -1.523124704857710746e-02 -1.361657239502557385e-03 9.995760096736679978e-01
7.910599999999999454e+01 2.350852191448211670e-01 8.809235878288745880e-03 1.367006823420524597e-02 2.271255801663566581e-02 -2.292139007502509360e-02 -6.720176382130402639e-04 9.994790132752481293e-01
7.930899999999999750e+01 5.562529563903808594e-01 -3.096888400614261627e-02 3.670809790492057800e-02 2.475718486256064249e-02 -2.452696412495430217e-02 2.773907391242718280e-03 9.993887208020104662e-01
7.951000000000000512e+01 1.168012976646423340e+00 -4.730358347296714783e-02 8.645313233137130737e-02 2.430167924980053060e-02 -1.126239509724096845e-02 4.349305616649513928e-03 9.996317673938569515e-01
7.971299999999999386e+01 1.639558672904968262e+00 -4.305512458086013794e-02 1.369329094886779785e-01 2.443907331641395619e-02 -9.107755958929588877e-03 4.663177487056129923e-03 9.996489560103346550e-01
7.991200000000000614e+01 2.194677352905273438e+00 -4.757989570498466492e-02 1.592941135168075562e-01 2.362477793007675131e-02 -2.629077454781498114e-03 4.719118116594457624e-03 9.997063007422194447e-01
8.010800000000000409e+01 2.759152889251708984e+00 -1.601777225732803345e-02 3.329264521598815918e-01 2.114862322612020423e-02 2.132062285781345309e-02 5.285870465591907714e-03 9.995350050648630358e-01
8.031300000000000239e+01 3.279864072799682617e+00 -1.052007824182510376e-02 3.543500602245330811e-01 2.109533254850220335e-02 2.715744864543308962e-02 5.527389362252596583e-03 9.993932698865730657e-01
8.051999999999999602e+01 3.754258155822753906e+00 -5.598184652626514435e-03 3.561217486858367920e-01 2.113525766828018917e-02 2.878003058397948094e-02 5.723638361271692759e-03 9.993459114274647614e-01
8.071699999999999875e+01 4.356312274932861328e+00 3.238388337194919586e-03 4.290598630905151367e-01 1.950883428712843135e-02 4.739649599346618114e-02 5.838159438528230105e-03 9.986685603575737868e-01
8.090000000000000568e+01 4.738921642303466797e+00 8.080508559942245483e-03 3.904618918895721436e-01 2.043667512317173807e-02 4.470061821407596975e-02 5.978229247968822394e-03 9.987734767284561777e-01
8.111599999999999966e+01 5.332471370697021484e+00 3.020213916897773743e-02 4.020147621631622314e-01 1.786649423050964622e-02 5.528373867051769586e-02 6.348035101208394232e-03 9.982906385782023273e-01
8.130800000000000693e+01 5.815732479095458984e+00 3.838733583688735962e-02 3.422436118125915527e-01 1.702295082502453677e-02 5.628700903452930199e-02 6.237827311123204932e-03 9.982500094012481950e-01
8.152500000000000568e+01 6.353940010070800781e+00 5.683881044387817383e-02 3.278051912784576416e-01 1.584201502840965753e-02 6.216510421599037023e-02 6.606644281418569929e-03 9.979182745240180452e-01
8.171800000000000352e+01 6.792447566986083984e+00 6.033911928534507751e-02 2.565066218376159668e-01 1.660563055543572489e-02 5.961966979541777345e-02 6.415076757851681175e-03 9.980624202912021792e-01
8.191599999999999682e+01 7.304303169250488281e+00 7.719524949789047241e-02 2.117559313774108887e-01 1.431014610157206081e-02 6.391592683515871787e-02 6.472698678147770397e-03 9.978316883057863906e-01
8.210200000000000387e+01 7.712886333465576172e+00 8.914799988269805908e-02 1.808763593435287476e-01 1.383837724401429728e-02 6.508125726249389120e-02 6.681697695415108641e-03 9.977616369575915689e-01
8.232200000000000273e+01 8.217995643615722656e+00 8.874559402465820312e-02 9.991246461868286133e-02 1.541077644170769229e-02 6.296329017399196482e-02 5.951202868459961985e-03 9.978791085318641230e-01
8.250700000000000500e+01 8.657177925109863281e+00 7.219208776950836182e-02 3.968348726630210876e-02 1.852003459774866426e-02 6.107504866098611290e-02 5.081562976744931001e-03 9.979484077181893786e-01
8.270099999999999341e+01 9.095854759216308594e+00 4.849959909915924072e-02 -8.589029312133789062e-04 2.277814196695904236e-02 6.087038266770517653e-02 4.451244240526495456e-03 9.978758135094423221e-01
8.292100000000000648e+01 9.610448837280273438e+00 4.036153852939605713e-02 -7.294020056724548340e-02 2.445937055039050512e-02 5.798663047579527552e-02 3.800427753201843662e-03 9.980104441473720556e-01
8.312199999999999989e+01 9.978204727172851562e+00 4.312947764992713928e-02 -1.348843872547149658e-01 2.558922101287510950e-02 5.508095598491756506e-02 3.897810478731406764e-03 9.981463255100494480e-01
8.332299999999999329e+01 1.017584133148193359e+01 4.925384745001792908e-02 -1.656789928674697876e-01 2.537111205397980448e-02 5.346804476521431482e-02 3.949060407540547213e-03 9.982393900182596758e-01
8.350400000000000489e+01 1.014895629882812500e+01 1.508971601724624634e-01 -7.325346022844314575e-02 2.533862592590481119e-02 6.307326107915656177e-02 -1.413466869774984529e-02 9.975870533010302577e-01
8.371699999999999875e+01 9.764471054077148438e+00 4.160256385803222656e-01 -1.044969484210014343e-01 1.504199846257387417e-02 5.651559520139010778e-02 -4.973059493084722171e-02 9.970489424843239634e-01
8.390699999999999648e+01 9.658629417419433594e+00 3.998295664787292480e-01 -6.997267901897430420e-02 1.878922973085354539e-02 6.074971326359644708e-02 -5.259230695321371468e-02 9.965894272135598086e-01
8.411700000000000443e+01 9.591063499450683594e+00 5.735057592391967773e-01 -5.402476340532302856e-02 1.846488084168351751e-02 6.072688743214666590e-02 -8.065265575023598810e-02 9.947192782080478413e-01
8.432200000000000273e+01 9.533398628234863281e+00 8.213373422622680664e-01 -8.790069259703159332e-03 1.289511773729544453e-02 6.545349638066046138e-02 -1.177470823408346551e-01 9.908002726838082141e-01
8.451699999999999591e+01 9.319762229919433594e+00 1.227379679679870605e+00 -5.309059750288724899e-03 5.710100736662487159e-03 6.373827863206825428e-02 -1.730524221628090831e-01 9.828314635634041174e-01
8.471500000000000341e+01 9.177714347839355469e+00 1.664572238922119141e+00 4.711269587278366089e-02 4.492157012221094023e-03 6.604158638234294831e-02 -2.406111916102748050e-01 9.683618042164636730e-01
8.492000000000000171e+01 9.222554206848144531e+00 2.417177677154541016e+00 9.239069186151027679e-03 -1.404453331747691075e-02 6.178536113407704505e-02 -3.396451619641747133e-01 9.384170097497994689e-01
8.509999999999999432e+01 9.436348915100097656e+00 2.955442667007446289e+00 1.676572114229202271e-02 -1.735478801377872415e-02 6.249981875887759136e-02 -4.379417293241050224e-01 8.966602621420873831e-01
8.531199999999999761e+01 8.379087448120117188e+00 3.659806013107299805e+00 2.674051821231842041e-01 -3.275924698338126412e-02 7.960321900787054039e-02 -5.671317450544519634e-01 8.191164404479736039e-01
8.551900000000000546e+01 8.811989784240722656e+00 3.878245353698730469e+00 1.999561488628387451e-01 -3.870322812682808200e-02 7.668529569533202861e-02 -6.306475563202832424e-01 7.713009044879547416e-01
8.570799999999999841e+01 8.960671424865722656e+00 3.943308353424072266e+00 1.650795787572860718e-01 -4.104467649607945745e-02 7.533684707383345169e-02 -6.451281339913443880e-01 7.592426389087691962e-01
8.591100000000000136e+01 8.898643493652343750e+00 3.915168523788452148e+00 1.921123564243316650e-01 -3.863473639140888038e-02 7.662158001727509271e-02 -6.383527262782543454e-01 7.649459376143799005e-01
8.610699999999999932e+01 1.006538867950439453e+01 3.922421455383300781e+00 -5.247591808438301086e-02 -3.010406172330713781e-02 5.718972179308147441e-02 -5.831223771674720613e-01 8.098094679833928167e-01
8.629999999999999716e+01 9.906066894531250000e+00 3.903170347213745117e+00 -3.683865442872047424e-02 -2.770942191388924350e-02 5.944911570231735387e-02 -5.503945540363298639e-01 8.323243511195380639e-01
8.650199999999999534e+01 1.084655094146728516e+01 3.789863348007202148e+00 -1.037628054618835449e-01 -2.286028454069911550e-02 5.537139111092791166e-02 -5.004893395119434096e-01 8.636676661031473801e-01
8.670600000000000307e+01 1.139735698699951172e+01 3.589184284210205078e+00 -6.778144836425781250e-02 -2.080378687224905196e-02 5.518647702888077738e-02 -4.647583246376337240e-01 8.834711964093310277e-01
8.690900000000000603e+01 1.141780757904052734e+01 3.552998065948486328e+00 -5.080618336796760559e-02 -2.111827833012069541e-02 5.590710880350423240e-02 -4.580488946505896219e-01 8.869157928546418379e-01
8.711700000000000443e+01 1.156293201446533203e+01 3.430239677429199219e+00 -5.104342103004455566e-02 -2.063118437057576138e-02 5.696406583420431102e-02 -4.582495854855468398e-01 8.867563176191237684e-01
8.731900000000000261e+01 1.178791522979736328e+01 3.126461744308471680e+00 -5.788721516728401184e-02 -2.030528144292743226e-02 5.866848992577793076e-02 -4.580668935726806557e-01 8.867471030953679723e-01
8.751800000000000068e+01 1.204457473754882812e+01 2.758848190307617188e+00 -9.625636041164398193e-02 -2.031786417913866369e-02 5.906438527670668237e-02 -4.582955894081131576e-01 8.866023547882968536e-01
8.771200000000000330e+01 1.224771308898925781e+01 2.357062578201293945e+00 -1.105002164840698242e-01 -1.818169111674790978e-02 6.081203858895747882e-02 -4.578916361070697882e-01 8.867392918180523331e-01
8.792600000000000193e+01 1.258644962310791016e+01 1.889976263046264648e+00 -1.324501037597656250e-01 -5.996304477014394174e-03 6.044181930208043785e-02 -4.591246952448352903e-01 8.862930356425071654e-01
8.811400000000000432e+01 1.277535438537597656e+01 1.457718849182128906e+00 -1.348999738693237305e-01 1.275956572282910262e-03 6.122911359367304296e-02 -4.595508497720425800e-01 8.860374619942164021e-01
8.832200000000000273e+01 1.305138874053955078e+01 1.055921673774719238e+00 -1.756566017866134644e-01 5.433946279342186797e-03 5.842406566632160625e-02 -4.594458595344197427e-01 8.862655374861018176e-01
8.850199999999999534e+01 1.328548717498779297e+01 7.276429533958435059e-01 -2.340657860040664673e-01 5.274296756109415896e-03 5.530540413404343852e-02 -4.593679633226355752e-01 8.865069477111346963e-01
8.871999999999999886e+01 1.353555107116699219e+01 3.221361637115478516e-01 -2.955231964588165283e-01 4.156783026850310869e-03 5.043776757390336374e-02 -4.589122164706652685e-01 8.870390804981536093e-01
8.892900000000000205e+01 1.376769638061523438e+01 -8.051508665084838867e-02 -3.594795465469360352e-01 4.171598863360735654e-03 4.555074238017406407e-02 -4.586780239238300028e-01 8.874244745333930151e-01
8.910599999999999454e+01 1.401314163208007812e+01 -4.282041490077972412e-01 -4.065173864364624023e-01 2.359968764713327866e-03 4.254175574976478552e-02 -4.582047656949928549e-01 8.878248826539801852e-01
8.931699999999999307e+01 1.423606014251708984e+01 -8.242549896240234375e-01 -4.553329646587371826e-01 3.546049460676639967e-03 3.878861178438623020e-02 -4.572262196873985718e-01 8.884970754928985803e-01
8.952400000000000091e+01 1.448984909057617188e+01 -1.242761969566345215e+00 -5.129036903381347656e-01 6.555047790874004784e-03 3.354163268438367651e-02 -4.570278489927623311e-01 8.887955532462874508e-01
8.970000000000000284e+01 1.470957088470458984e+01 -1.551578998565673828e+00 -5.900140404701232910e-01 2.062868196150589514e-03 2.735780305089237016e-02 -4.566128410862661524e-01 8.892423789620926833e-01
8.992199999999999704e+01 1.497238349914550781e+01 -1.916236639022827148e+00 -6.555627584457397461e-01 -2.068874327724037204e-03 2.255778885677779330e-02 -4.563072348022931268e-01 8.895339079472991406e-01
9.010999999999999943e+01 1.523438167572021484e+01 -2.268302679061889648e+00 -7.110580205917358398e-01 -4.958486186600928082e-03 1.894452893237232732e-02 -4.561788429597564143e-01 8.896726260114815599e-01
9.030299999999999727e+01 1.546105098724365234e+01 -2.653506755828857422e+00 -7.521349787712097168e-01 -1.387147624238623499e-03 1.562776639983291457e-02 -4.552567337872412412e-01 8.902219695560169566e-01
9.051900000000000546e+01 1.573422145843505859e+01 -3.036933660507202148e+00 -7.927520871162414551e-01 -2.235834923092298691e-03 1.358604603732860468e-02 -4.546314484906636699e-01 8.905732235131197383e-01
9.072599999999999909e+01 1.602568817138671875e+01 -3.459296703338623047e+00 -8.125438094139099121e-01 -1.525500368489840150e-03 1.166746674110987446e-02 -4.545942610020793362e-01 8.906209075316187107e-01
9.091299999999999670e+01 1.627103233337402344e+01 -3.816180467605590820e+00 -8.165300488471984863e-01 -6.873702503677990572e-04 1.205877362671758588e-02 -4.547995176311587229e-01 8.905119383047167547e-01
9.112600000000000477e+01 1.637463951110839844e+01 -4.022955894470214844e+00 -8.227601051330566406e-01 -5.583132295937263609e-04 1.215095955915269227e-02 -4.551220305059561211e-01 8.903459888247180487e-01
9.131499999999999773e+01 1.640221977233886719e+01 -4.042941570281982422e+00 -8.255438804626464844e-01 -6.894664847578264519e-04 1.208451935694216002e-02 -4.591360782564488652e-01 8.882834855332873980e-01
9.151200000000000045e+01 1.657920074462890625e+01 -3.946294307708740234e+00 -8.260814547538757324e-01 -1.022328076548683490e-03 1.178465073477790934e-02 -4.858136918665534321e-01 8.739823417251362248e-01
9.170600000000000307e+01 1.657768440246582031e+01 -3.946879148483276367e+00 -8.260855078697204590e-01 -1.225166532097252299e-03 1.184300522121667365e-02 -4.858922981028168109e-01 8.739375932174233697e-01
9.191800000000000637e+01 1.676253700256347656e+01 -3.845243215560913086e+00 -8.320121169090270996e-01 -1.383215807467634562e-03 1.184483015962689220e-02 -5.126532285852282156e-01 8.585129317218588296e-01
9.211700000000000443e+01 1.564625930786132812e+01 -3.657714843750000000e+00 -8.391364812850952148e-01 -1.975168085122716403e-03 1.360316114868019219e-02 -5.840466587193928749e-01 8.116036921777227686e-01
9.231900000000000261e+01 1.600753974914550781e+01 -3.630433082580566406e+00 -8.557593226432800293e-01 -2.770060602010583281e-03 1.347205007785143120e-02 -6.218555999475159357e-01 7.830111387744594920e-01
9.251000000000000512e+01 1.602238464355468750e+01 -3.628303527832031250e+00 -8.556859493255615234e-01 -2.369421906443312797e-03 1.350751564808824051e-02 -6.229837145566076151e-01 7.821145851204266419e-01
9.271699999999999875e+01 1.610465812683105469e+01 -3.742157459259033203e+00 -8.550297617912292480e-01 -2.953570508819552444e-03 1.400550995154970293e-02 -6.242938030268558869e-01 7.810584930813516680e-01
9.291700000000000159e+01 1.610826492309570312e+01 -3.762473106384277344e+00 -8.548886179924011230e-01 -2.874527909277630605e-03 1.398968182341337255e-02 -6.245044566099596794e-01 7.808906514782191222e-01
9.311299999999999955e+01 1.618347549438476562e+01 -3.841468095779418945e+00 -8.560819029808044434e-01 -2.668132912336072284e-03 1.392041652826964300e-02 -6.252712119449064243e-01 7.802788056735806554e-01
9.330800000000000693e+01 1.629327392578125000e+01 -4.113576889038085938e+00 -8.572288751602172852e-01 -2.674417258717491121e-03 1.347786829275741775e-02 -6.252332068288304345e-01 7.803170071433445099e-01
9.350799999999999557e+01 1.639888000488281250e+01 -4.559767723083496094e+00 -8.675826787948608398e-01 -2.810311667833721716e-03 1.353084360958537943e-02 -6.252993687957257851e-01 7.802625954146523712e-01
9.371999999999999886e+01 1.650017738342285156e+01 -5.033335685729980469e+00 -8.802313208580017090e-01 -2.754388815107325361e-03 1.358429473736752838e-02 -6.251570020620808021e-01 7.803759370018369390e-01
9.392700000000000671e+01 1.660633087158203125e+01 -5.512347221374511719e+00 -8.906514644622802734e-01 -2.755125498471660411e-03 1.370793733782024217e-02 -6.252046516833662526e-01 7.803355978365402734e-01
9.412800000000000011e+01 1.671398162841796875e+01 -5.992269515991210938e+00 -9.017377495765686035e-01 -2.712476965363145448e-03 1.341160304220020277e-02 -6.253622998523480359e-01 7.802145636271684559e-01
9.430500000000000682e+01 1.680565834045410156e+01 -6.381263732910156250e+00 -9.074459075927734375e-01 -2.347657794250323018e-03 1.356991361602074252e-02 -6.252198476060991661e-01 7.803271673514519113e-01
9.450400000000000489e+01 1.690723991394042969e+01 -6.848680019378662109e+00 -9.160032868385314941e-01 -2.331422439221995241e-03 1.345927631101551114e-02 -6.253265052582942518e-01 7.802436633334755012e-01
9.470199999999999818e+01 1.700093078613281250e+01 -7.314527988433837891e+00 -9.244983792304992676e-01 -2.382728425851528276e-03 1.314335052420717229e-02 -6.254731294261048902e-01 7.801313602901511768e-01
9.490500000000000114e+01 1.710399627685546875e+01 -7.773540973663330078e+00 -9.275789260864257812e-01 -1.882650298211733554e-03 1.262751380381200994e-02 -6.254503760067177121e-01 7.801594892559113870e-01
9.512699999999999534e+01 1.719061279296875000e+01 -8.311223030090332031e+00 -9.278420805931091309e-01 -1.595113376300230992e-04 1.178978520210006986e-02 -6.258357832851697555e-01 7.798657242633886266e-01
9.530899999999999750e+01 1.726885032653808594e+01 -8.721032142639160156e+00 -9.313326478004455566e-01 4.066843003520332137e-04 1.059503199488039463e-02 -6.259287839905196549e-01 7.798081413251957139e-01
9.550300000000000011e+01 1.731769180297851562e+01 -9.142148017883300781e+00 -9.310117959976196289e-01 1.980625310732067861e-03 9.548126814356183711e-03 -6.267395478727457725e-01 7.791677929239514411e-01
9.570999999999999375e+01 1.737060165405273438e+01 -9.427490234375000000e+00 -9.406574368476867676e-01 1.288274254967726896e-03 8.613328360948437762e-03 -6.330102959349702685e-01 7.740943845322170169e-01
9.591700000000000159e+01 1.737370491027832031e+01 -9.548030853271484375e+00 -9.453096389770507812e-01 1.737012202437869003e-03 8.128032809395667121e-03 -6.333385322942828299e-01 7.738302277519156780e-01
9.611499999999999488e+01 1.747435951232910156e+01 -9.479023933410644531e+00 -9.371723532676696777e-01 1.329558708170188071e-03 9.476695214170190520e-03 -6.466376631897376992e-01 7.627372791898757720e-01
9.631000000000000227e+01 1.787747001647949219e+01 -9.133235931396484375e+00 -9.671290516853332520e-01 -2.518061066480300689e-03 1.154693073639256017e-02 -6.945358620452016796e-01 7.193610109619251736e-01
9.651999999999999602e+01 1.804969406127929688e+01 -8.765599250793457031e+00 -9.665594696998596191e-01 -3.622833320951601883e-03 1.186862607989255802e-02 -7.219955536508761984e-01 6.917864058378635495e-01
9.670799999999999841e+01 1.807657623291015625e+01 -8.535180091857910156e+00 -9.643756747245788574e-01 -3.870161939991535564e-03 1.215929089163725330e-02 -7.287810488811229392e-01 6.846278962204949137e-01
9.691400000000000148e+01 1.806329727172851562e+01 -8.462643623352050781e+00 -9.654175043106079102e-01 -4.254523112768689858e-03 1.252160338724010724e-02 -7.284312854931350723e-01 6.849912195032241691e-01
9.711700000000000443e+01 1.803993606567382812e+01 -8.502535820007324219e+00 -9.614899754524230957e-01 -3.535381230682603862e-03 1.204179204128427369e-02 -7.281540445811786055e-01 6.852986091362356369e-01
9.730500000000000682e+01 1.803023719787597656e+01 -8.520308494567871094e+00 -9.623742103576660156e-01 -3.770413852330319407e-03 1.204587990297625519e-02 -7.281505831514867300e-01 6.853009623609869205e-01
9.752200000000000557e+01 1.799785041809082031e+01 -8.718987464904785156e+00 -9.663295745849609375e-01 -4.379604523003221075e-03 1.226373608572663837e-02 -7.280714165046524577e-01 6.853775837524529457e-01
9.770900000000000318e+01 1.797541427612304688e+01 -9.075574874877929688e+00 -9.699163436889648438e-01 -4.673517743172711167e-03 1.189243111888138235e-02 -7.282113157450976759e-01 6.852335426223534753e-01
9.791800000000000637e+01 1.795531463623046875e+01 -9.567681312561035156e+00 -9.700858592987060547e-01 -4.929500479036788389e-03 1.311023376215381120e-02 -7.281561066952501049e-01 6.852682001071872531e-01
9.810299999999999443e+01 1.792545700073242188e+01 -1.000746154785156250e+01 -9.737695455551147461e-01 -5.009711554523156585e-03 1.231533294457206988e-02 -7.281869895052506259e-01 6.852495484711280671e-01
9.830700000000000216e+01 1.788877868652343750e+01 -1.047933578491210938e+01 -9.840975403785705566e-01 -5.112143774275523453e-03 1.209783285403398349e-02 -7.280683266026398703e-01 6.853787421742073560e-01
9.850100000000000477e+01 1.786243247985839844e+01 -1.093548107147216797e+01 -9.928616285324096680e-01 -5.469190082546208226e-03 1.146230389067681016e-02 -7.281265314992296789e-01 6.853250744546415252e-01
9.870900000000000318e+01 1.782727813720703125e+01 -1.142673397064208984e+01 -1.003360033035278320e+00 -6.160767506257151804e-03 1.106748776211812293e-02 -7.282250651474279080e-01 6.852209936578078642e-01
9.891299999999999670e+01 1.778914833068847656e+01 -1.160558795928955078e+01 -1.005131363868713379e+00 -6.847177886139137193e-03 9.828289958861900072e-03 -7.278977401255269930e-01 6.855810679938812990e-01
9.910699999999999932e+01 1.775003242492675781e+01 -1.160669898986816406e+01 -1.004460334777832031e+00 -7.024924731728443561e-03 1.009340715778389228e-02 -7.268060169509196200e-01 6.867326898352811293e-01
9.930899999999999750e+01 1.772261047363281250e+01 -1.160361766815185547e+01 -1.003380894660949707e+00 -6.635745681744143962e-03 9.973291664375787471e-03 -7.260517723036067350e-01 6.875356894499485838e-01
9.951000000000000512e+01 1.772301673889160156e+01 -1.160359573364257812e+01 -1.003146290779113770e+00 -6.932745502139606511e-03 9.802100557616742066e-03 -7.260701347856172161e-01 6.875158290809429973e-01
9.970499999999999829e+01 1.772316551208496094e+01 -1.160349845886230469e+01 -1.002645373344421387e+00 -6.926411246142682998e-03 9.789210422779665022e-03 -7.260400617534380485e-01 6.875478346381520556e-01
9.990200000000000102e+01 1.772295379638671875e+01 -1.160381507873535156e+01 -1.002716541290283203e+00 -6.788544622933132683e-03 1.009695961192524395e-02 -7.260312541363895811e-01 6.875540597550412469e-01
1.001020000000000039e+02 1.772657012939453125e+01 -1.160251903533935547e+01 -1.002352952957153320e+00 -6.607627326762430947e-03 1.029943966812495171e-02 -7.260313584480134752e-01 6.875527087822180805e-01
1.003080000000000069e+02 1.772430801391601562e+01 -1.160223865509033203e+01 -1.001472115516662598e+00 -6.609948783504396817e-03 1.026798607974923304e-02 -7.260114780566400139e-01 6.875741492878847394e-01
1.005079999999999956e+02 1.772500991821289062e+01 -1.160085773468017578e+01 -1.001734614372253418e+00 -6.614823952892425266e-03 1.045341777618274785e-02 -7.259919227827023036e-01 6.875919561885113218e-01
1.007079999999999984e+02 1.772353744506835938e+01 -1.160068798065185547e+01 -1.001657843589782715e+00 -6.498159142876031198e-03 1.047606728330567095e-02 -7.259829291843976629e-01 6.876022196552825649e-01
1.009020000000000010e+02 1.772558021545410156e+01 -1.160050773620605469e+01 -1.001257777214050293e+00 -6.670442400942477520e-03 1.039959641231680797e-02 -7.259744687813944886e-01 6.876106632900689242e-01
1.011119999999999948e+02 1.772543716430664062e+01 -1.159808349609375000e+01 -1.001906275749206543e+00 -6.645730399922992158e-03 1.065756654519411754e-02 -7.259558535356309683e-01 6.876266059862282676e-01
1.012999999999999972e+02 1.772567367553710938e+01 -1.159923267364501953e+01 -1.001393318176269531e+00 -6.665955032207838277e-03 1.059894947501213366e-02 -7.259622967307346464e-01 6.876205138293732810e-01
