0.000000000000000000e+00 5.881017006517955892e+00 9.531546326478048670e+00 1.529352121683624333e+00 -3.322235492181815214e-02 4.531246050532685733e-03 7.002794518351094233e-01 7.130809437084943969e-01
0.000000000000000000e+00 5.880929486364214753e+00 9.531618829830458495e+00 1.529346583555832861e+00 -3.322287366356007493e-02 4.528898570103276171e-03 7.002760852408065340e-01 7.130842405936957951e-01
0.000000000000000000e+00 5.880844817518699585e+00 9.531655463708375464e+00 1.529346385838589617e+00 -3.322094714236195623e-02 4.524256551300395029e-03 7.002724978796124322e-01 7.130878827234904405e-01
0.000000000000000000e+00 5.880762696430934966e+00 9.531699946528600975e+00 1.529318946083346065e+00 -3.322219450462049473e-02 4.525379824124352475e-03 7.002694658152832652e-01 7.130907950440269483e-01
0.000000000000000000e+00 5.880675329515858252e+00 9.531772509109970315e+00 1.529327491872668698e+00 -3.322001084832360007e-02 4.523921190618396260e-03 7.002658511088719617e-01 7.130944557259336625e-01
0.000000000000000000e+00 5.880595876801851141e+00 9.531810041842128101e+00 1.529329780983507581e+00 -3.321632439833769462e-02 4.522744498513368155e-03 7.002623257855299377e-01 7.130980968009282828e-01
0.000000000000000000e+00 5.880519335961634120e+00 9.531850391514824494e+00 1.529321588901846329e+00 -3.321842824145560674e-02 4.522990878373332573e-03 7.002590712442957610e-01 7.131011931828173944e-01
0.000000000000000000e+00 5.880438886327162606e+00 9.531911961704874869e+00 1.529310480947764894e+00 -3.321221665662527772e-02 4.524428614533158345e-03 7.002549007797184144e-01 7.131055687234898466e-01
0.000000000000000000e+00 5.880362361035769148e+00 9.531942071053462584e+00 1.529306172177730794e+00 -3.321119416697924237e-02 4.521896928007406238e-03 7.002511425607907958e-01 7.131093228758706992e-01
0.000000000000000000e+00 5.880283134429713954e+00 9.531992119872926494e+00 1.529295424619152355e+00 -3.321206809718578457e-02 4.523000162659912560e-03 7.002476844817131507e-01 7.131126708874522269e-01
0.000000000000000000e+00 5.880189190257508081e+00 9.532055910400524468e+00 1.529291809859633311e+00 -3.321234719921272588e-02 4.517304062727663973e-03 7.002440154851002907e-01 7.131162967811257580e-01
0.000000000000000000e+00 5.880110907166671730e+00 9.532085258747192924e+00 1.529293223953284153e+00 -3.321125504271854600e-02 4.515464538850821018e-03 7.002406058848250625e-01 7.131197073342869786e-01
0.000000000000000000e+00 5.880032722576529203e+00 9.532144904730527557e+00 1.529276089521208526e+00 -3.320670204125941716e-02 4.523052447106568411e-03 7.002375044689630457e-01 7.131229166638685113e-01
0.000000000000000000e+00 5.879946362958434314e+00 9.532205436989736214e+00 1.529273324984161686e+00 -3.320803715793536198e-02 4.515029572495128825e-03 7.002334520611606106e-01 7.131268844957305841e-01
0.000000000000000000e+00 5.879857581434197122e+00 9.532235445282607245e+00 1.529265394671029288e+00 -3.320476238876164665e-02 4.514768658876013377e-03 7.002299795385176218e-01 7.131304483572062924e-01
0.000000000000000000e+00 5.879778455322400177e+00 9.532296622865313651e+00 1.529246704259009215e+00 -3.320501778485354660e-02 4.517633998906136691e-03 7.002268388152723677e-01 7.131335022138071134e-01
0.000000000000000000e+00 5.879692272526085617e+00 9.532359671159557735e+00 1.529247607587530089e+00 -3.320599278900139562e-02 4.509553171154879678e-03 7.002230516070981903e-01 7.131372266058871867e-01
0.000000000000000000e+00 5.879622298953985471e+00 9.532385546830715484e+00 1.529255653171678553e+00 -3.320203535841140946e-02 4.511274596432987213e-03 7.002194248249700159e-01 7.131409610640541130e-01
0.000000000000000000e+00 5.879536464246655214e+00 9.532449155346952807e+00 1.529230435504726371e+00 -3.320011550726626598e-02 4.516455614890012120e-03 7.002161838430046581e-01 7.131441998946091987e-01
0.000000000000000000e+00 5.879458019997975349e+00 9.532507640966933593e+00 1.529238533464581051e+00 -3.319869483390849862e-02 4.509999540058123001e-03 7.002123063379880330e-01 7.131481140817169662e-01
0.000000000000000000e+00 5.879381547472085856e+00 9.532527922604357329e+00 1.529235847818203986e+00 -3.319738461825195303e-02 4.509391429072460468e-03 7.002087912474889153e-01 7.131516302324336642e-01
0.000000000000000000e+00 5.879290070889902964e+00 9.532586083157170265e+00 1.529210942128620854e+00 -3.319680365355912738e-02 4.513583219267780847e-03 7.002059505943442064e-01 7.131544198460670891e-01
0.000000000000000000e+00 5.879845119342739679e+00 9.517000635822640220e+00 1.540657369268619403e+00 -3.167432360360830645e-02 6.057134816141831676e-03 7.001947971276268889e-01 7.132231729392103370e-01
0.000000000000000000e+00 5.878648371857726929e+00 9.465254121100191043e+00 1.529109852566971739e+00 -3.506443174499394161e-02 9.448113831494596437e-03 6.992149715358090267e-01 7.139885449722604971e-01
0.000000000000000000e+00 5.874728339205339545e+00 9.404877282238702563e+00 1.531612610398914276e+00 -3.479513529647736136e-02 6.109920258110782335e-03 6.992581972993027195e-01 7.139957569508861290e-01
0.000000000000000000e+00 5.875698450348322943e+00 9.393033884018572977e+00 1.527865606025618384e+00 -3.634795764573704735e-02 8.201492493065756090e-03 6.992027183284360570e-01 7.139517632011253001e-01
0.000000000000000000e+00 5.874404851161393104e+00 9.382843991714574727e+00 1.532598785252156315e+00 -3.491970089488503903e-02 7.880777394788400156e-03 6.991283528238056988e-01 7.140994707426535637e-01
0.000000000000000000e+00 5.867047521527610776e+00 9.329212884640210035e+00 1.536344028056142008e+00 -3.398898176652339481e-02 5.639038123587477788e-03 6.993126990517780639e-01 7.139850833963080623e-01
0.000000000000000000e+00 5.862851128256700406e+00 9.229507291163329796e+00 1.545075488675438313e+00 -3.832352653150767480e-02 1.326617373594328637e-02 6.992944039471422624e-01 7.136824591909258775e-01
0.000000000000000000e+00 5.854349723187039167e+00 9.088793037483018367e+00 1.545408015881438279e+00 -3.620967425812698925e-02 8.282998210766034583e-03 6.994163767714663971e-01 7.137485434903770853e-01
0.000000000000000000e+00 5.848460921958126946e+00 8.900707795893678664e+00 1.561183809885110296e+00 -4.092960624821495585e-02 1.303894593987667272e-02 7.013720413823667510e-01 7.114998333016494536e-01
0.000000000000000000e+00 5.848754767216163053e+00 8.671092532748412296e+00 1.574149450453206311e+00 -3.865599223766292419e-02 1.119978923351028222e-02 7.026700393719602644e-01 7.103767273456068621e-01
0.000000000000000000e+00 5.844917011309640031e+00 8.422822069951310553e+00 1.587873513914481727e+00 -3.233100481289256922e-02 3.868049991708417783e-03 7.031636024764154058e-01 7.102821217441982471e-01
0.000000000000000000e+00 5.842337519781618305e+00 8.177143438398211117e+00 1.600962815839222175e+00 -2.788320636585728610e-02 -3.793079995764379029e-04 7.033572771077506447e-01 7.102893239151012450e-01
0.000000000000000000e+00 5.839655272594884927e+00 7.940669742610983128e+00 1.609885046006666043e+00 -2.872326938208862729e-02 3.909571152128302066e-04 7.033454642586900452e-01 7.102675403362213036e-01
0.000000000000000000e+00 5.837036718577358840e+00 7.705513258596584869e+00 1.619747208754785950e+00 -2.888807273292234856e-02 5.453825884858262219e-04 7.033023053769288380e-01 7.103034908143889270e-01
0.000000000000000000e+00 5.834745763674650476e+00 7.463607630686149186e+00 1.626891264793582481e+00 -2.507197797103930328e-02 -3.056499979265756874e-03 7.034215672677693876e-01 7.103239770914758777e-01
0.000000000000000000e+00 5.833386059965137704e+00 7.210461919672176201e+00 1.628175616319605279e+00 -1.807351921810049569e-02 -9.059563757259581074e-03 7.036046635578966368e-01 7.103039839584035509e-01
0.000000000000000000e+00 5.834707201264962784e+00 6.956983657863179182e+00 1.626025875216821293e+00 -7.842184405145826917e-03 -1.614166660708069717e-02 7.037903328336718722e-01 7.101810432226217662e-01
0.000000000000000000e+00 5.833155362517086218e+00 6.704498933560850027e+00 1.625879189009943770e+00 -4.066571867097322490e-04 -2.286636973012835458e-02 7.038607630266583426e-01 7.099697106474528452e-01
0.000000000000000000e+00 5.831119067826461055e+00 6.464703206451690498e+00 1.618838631656090099e+00 1.483753850648457742e-04 -2.339870177392006437e-02 7.039026902161301669e-01 7.099108968360290373e-01
0.000000000000000000e+00 5.829802667338512379e+00 6.239196696102921713e+00 1.611935702009877236e+00 -3.098823960937456459e-03 -1.962910683049653993e-02 7.039065075663352156e-01 7.100145942590623260e-01
0.000000000000000000e+00 5.827665109885739270e+00 6.001192605378914635e+00 1.604946189211886587e+00 -2.138600822361506632e-03 -2.071463010774552901e-02 7.038748053536788563e-01 7.100187243124950198e-01
0.000000000000000000e+00 5.825332531036683470e+00 5.750468395777181385e+00 1.591758803604252259e+00 4.267324599614315088e-03 -2.753326425683997811e-02 7.038459866210120541e-01 7.098059850533936510e-01
0.000000000000000000e+00 5.824239707670792576e+00 5.498195999730017824e+00 1.581697425948807689e+00 1.182758926435703573e-02 -3.414195750725048523e-02 7.038221634819122885e-01 7.094566914628454013e-01
0.000000000000000000e+00 5.823423567450155325e+00 5.254539087552537957e+00 1.567551125925619404e+00 1.458542912776892610e-02 -3.604749195237064857e-02 7.038363772594702361e-01 7.092969742127533950e-01
0.000000000000000000e+00 5.820607816414878677e+00 5.029971930113831036e+00 1.551299976477746201e+00 1.135769979139677512e-02 -3.384449459785796033e-02 7.038702378777172974e-01 7.094309276249730623e-01
0.000000000000000000e+00 5.818894404076563553e+00 4.794575716381181074e+00 1.536215009930763653e+00 1.133859476362128471e-02 -3.383221594608843558e-02 7.038517007335273190e-01 7.094502102385231712e-01
0.000000000000000000e+00 5.819614754615511032e+00 4.545214619785718391e+00 1.515814632047173927e+00 1.755165180362144861e-02 -3.797016550690189562e-02 7.037899152356993371e-01 7.091755503842965824e-01
0.000000000000000000e+00 5.821666107239318322e+00 4.300007712710638863e+00 1.498171390594211339e+00 2.422169071801286155e-02 -4.162572122523355844e-02 7.037289736231883142e-01 7.088343535089803860e-01
0.000000000000000000e+00 5.819790647630251890e+00 4.064215066948538180e+00 1.475306188601784640e+00 2.324900914167794819e-02 -4.107117206286291233e-02 7.037242553053428828e-01 7.089039532223343487e-01
0.000000000000000000e+00 5.817069648188931907e+00 3.833496064324784847e+00 1.455343650335782613e+00 2.084885170997725912e-02 -3.965758672520624389e-02 7.037377928431700624e-01 7.090456403657888762e-01
0.000000000000000000e+00 5.817823129312608366e+00 3.590271565140285670e+00 1.431881646227696425e+00 2.547432687181740499e-02 -4.230730923148978001e-02 7.036673398115945721e-01 7.088112761084524038e-01
0.000000000000000000e+00 5.817764201403630153e+00 3.351006136978974315e+00 1.410162136949711709e+00 2.780450355966233161e-02 -4.342265365910830122e-02 7.036325562611752682e-01 7.086907707176423044e-01
0.000000000000000000e+00 5.814844953886776580e+00 3.122685163439013145e+00 1.386908186550825040e+00 2.528786468450196917e-02 -4.220321423238431596e-02 7.036580581168779824e-01 7.088333724193142116e-01
0.000000000000000000e+00 5.814327578351075054e+00 2.884559593049651038e+00 1.362926237706583610e+00 2.719522689681288380e-02 -4.326180257449457889e-02 7.036065048477949668e-01 7.087501128098013803e-01
0.000000000000000000e+00 5.816191387348384367e+00 2.644428201545936830e+00 1.339535252785914565e+00 3.080644810710460313e-02 -4.397622756430696195e-02 7.036036380751784503e-01 7.085612003571816198e-01
0.000000000000000000e+00 5.812164260083724443e+00 2.413175354696021291e+00 1.314934000836852857e+00 2.816106525382676418e-02 -4.353793944913871700e-02 7.035799544199432543e-01 7.087218424535280947e-01
0.000000000000000000e+00 5.813314657199962099e+00 2.174898756151793400e+00 1.290160455901703473e+00 3.060983187016091955e-02 -4.374174841425839538e-02 7.036002373027977486e-01 7.085876118773113408e-01
0.000000000000000000e+00 5.810099894848274715e+00 1.941673610432243402e+00 1.265296879078038783e+00 2.918600829926289511e-02 -4.380185867530734384e-02 7.035663957821389758e-01 7.086775718352279485e-01
0.000000000000000000e+00 5.806606983241837661e+00 1.707162583617516827e+00 1.243880958151514671e+00 2.776932294616666838e-02 -4.336946994909502556e-02 7.031921469833243288e-01 7.091323982166017892e-01
0.000000000000000000e+00 5.804869011264751855e+00 1.470006224401013917e+00 1.219890016232103136e+00 2.776713333066162942e-02 -4.332389546216908888e-02 7.032054850854443373e-01 7.091220431874369901e-01
0.000000000000000000e+00 5.796365806432320689e+00 1.236235649465853070e+00 1.207497346429792451e+00 2.452056273363268854e-02 -4.372249081509409913e-02 7.027031510497546707e-01 7.097149901931731897e-01
0.000000000000000000e+00 5.789436808882221897e+00 9.981391544425335383e-01 1.182500233463421146e+00 2.414220562631745962e-02 -4.644303479013216912e-02 7.025190122112456859e-01 7.097374415294114280e-01
0.000000000000000000e+00 5.779182154151055961e+00 7.632413198212526506e-01 1.171998375045252061e+00 2.070333062390543322e-02 -4.757086053879933801e-02 7.022212660039280907e-01 7.100659679920702239e-01
0.000000000000000000e+00 5.775899152781556189e+00 5.300820947152060647e-01 1.148294028521030352e+00 2.076396713329296817e-02 -4.688646690084942448e-02 7.022024002529529962e-01 7.101283728801677242e-01
0.000000000000000000e+00 5.767273515427826958e+00 2.956622242377362486e-01 1.136487507449247536e+00 1.774343919610237019e-02 -4.833931972978268432e-02 7.019397356334965421e-01 7.103724995186210256e-01
0.000000000000000000e+00 5.763927845990914456e+00 6.807285997410453260e-02 1.115167704561824236e+00 1.683054933185276075e-02 -4.599778184193072800e-02 7.019124552277578033e-01 7.105771188765868107e-01
0.000000000000000000e+00 5.762954474151475104e+00 -1.194478307295391978e-01 1.100871039053264777e+00 1.557902490394456538e-02 -4.553674164320376666e-02 7.019473928339997615e-01 7.106008421308778189e-01
0.000000000000000000e+00 5.763012810427540877e+00 -2.636292641988468022e-01 1.089142243791258569e+00 1.487286045135436351e-02 -4.471996645671786480e-02 7.019900476209217643e-01 7.106257071505933665e-01
0.000000000000000000e+00 5.763020512411624274e+00 -3.661162903898137477e-01 1.080959153213735036e+00 1.434072926861152363e-02 -4.411682357536717003e-02 7.020229209428835437e-01 7.106418703063355213e-01
0.000000000000000000e+00 5.762993733798117191e+00 -4.264474006682649199e-01 1.076142581219637906e+00 1.402312170197082472e-02 -4.376305667270443539e-02 7.020434081121771364e-01 7.106498434915979878e-01
0.000000000000000000e+00 5.755410980930482978e+00 -3.513349522887892484e-01 1.102606555706580949e+00 1.898962133344390957e-02 -5.005078453693142387e-02 6.929017029670074823e-01 7.190421011834223775e-01
0.000000000000000000e+00 5.751038958192978612e+00 -1.468917201315597942e-01 1.123769780423328646e+00 2.253455101894764889e-02 -4.894631475947475163e-02 6.742687207741848709e-01 7.365175791977984776e-01
0.000000000000000000e+00 5.747156126874330084e+00 2.906077134680806751e-02 1.112571194390826079e+00 2.228520754240755769e-02 -4.085513403336656080e-02 6.635222338709035883e-01 7.467077558903973955e-01
0.000000000000000000e+00 5.741589188597099991e+00 1.366054331109024800e-01 1.118274303532702296e+00 2.348172559621324734e-02 -4.100995389495803306e-02 6.626054777385199657e-01 7.474762692657642704e-01
0.000000000000000000e+00 5.733744877189774769e+00 1.905588053795409520e-01 1.117283193220943049e+00 2.301903878286063604e-02 -4.496469138552279532e-02 6.622427758942576181e-01 7.475846481556359668e-01
0.000000000000000000e+00 5.728410605334067540e+00 2.304640633549837059e-01 1.124251959558393299e+00 2.184740328721377842e-02 -4.516296474921340648e-02 6.536001933441856204e-01 7.551753338431481666e-01
0.000000000000000000e+00 5.727376761111690584e+00 2.745575639909972887e-01 1.122748266146591289e+00 2.433748995871144391e-02 -4.478823678365780742e-02 6.432169513721927023e-01 7.639853754462728741e-01
0.000000000000000000e+00 5.716708030237589000e+00 3.225483246017110672e-01 1.123485461566286592e+00 2.692033967932402905e-02 -4.298621765417688645e-02 6.319229425293668712e-01 7.733698178157484282e-01
0.000000000000000000e+00 5.706724133409190713e+00 3.759881069133259590e-01 1.136219362233113372e+00 2.445146357836795389e-02 -4.525021689540913161e-02 6.181630631964517564e-01 7.843653301232619279e-01
0.000000000000000000e+00 5.723139407591048666e+00 5.172357836421846988e-01 1.142477200117484104e+00 3.043515876107065130e-02 -4.449677723992961909e-02 5.947232206187791359e-01 8.021209564543713144e-01
0.000000000000000000e+00 5.742382610196537840e+00 6.871162505205068438e-01 1.153141539194567855e+00 3.278854578944064707e-02 -3.958477841038486600e-02 5.725634982023286579e-01 8.182475157979559599e-01
0.000000000000000000e+00 5.742551344384190237e+00 8.503772873846130453e-01 1.168257195529829096e+00 3.337343368575967917e-02 -4.115343316217306979e-02 5.491273276825779925e-01 8.340574241952285472e-01
0.000000000000000000e+00 5.763867574791606607e+00 1.023098633315709050e+00 1.180663920090498697e+00 3.673092204378883979e-02 -4.034512378693767137e-02 5.190484045045130612e-01 8.530016788575209841e-01
0.000000000000000000e+00 5.810201998385673861e+00 1.197462114602600547e+00 1.201895339944861085e+00 3.817298894477129390e-02 -3.940274332673825153e-02 4.793987667137391551e-01 8.758807391458584002e-01
0.000000000000000000e+00 5.870607874693474670e+00 1.373255382701440874e+00 1.221496420882267619e+00 4.259697913075943115e-02 -2.923199665962489605e-02 4.315935555829401027e-01 9.005875807046757053e-01
0.000000000000000000e+00 5.917814642662598601e+00 1.544283612602325828e+00 1.239454105131452044e+00 4.819699875378499754e-02 -2.061604660113831866e-02 3.844025485752715077e-01 9.216760323359305396e-01
0.000000000000000000e+00 5.948592363788176129e+00 1.709282875073962815e+00 1.253944814773864103e+00 4.757837662193543232e-02 -2.316936587228302091e-02 3.265742989624008108e-01 9.436888818992803518e-01
0.000000000000000000e+00 5.997396595071619707e+00 1.857809612161467783e+00 1.279522021173429058e+00 4.470688667129114197e-02 -2.913778962869928435e-02 2.584233294228495681e-01 9.645567201101877819e-01
0.000000000000000000e+00 6.068226763060515339e+00 1.969218574439476566e+00 1.288769194027424847e+00 4.796840209658666948e-02 -2.435195809209899503e-02 1.881786540358308391e-01 9.806603941745806186e-01
0.000000000000000000e+00 6.117951028726009710e+00 2.028481095468621209e+00 1.295180977003778322e+00 4.995450237649753239e-02 -9.343485575044616423e-03 1.361992708818679509e-01 9.893770795712183430e-01
0.000000000000000000e+00 6.154145660359593428e+00 2.064928773911724136e+00 1.292499267638462346e+00 5.225218620062905411e-02 -1.259737442172114211e-02 1.007197584601090962e-01 9.934618993452496438e-01
0.000000000000000000e+00 6.174000934520491590e+00 2.054339759946632427e+00 1.293536159051561274e+00 5.194018454700188164e-02 -1.460656743623005988e-02 7.983870134002597763e-02 9.953464960431078756e-01
0.000000000000000000e+00 6.184773091966703440e+00 2.045839960866610685e+00 1.291387058333413052e+00 5.251913129960422005e-02 -1.175897362405755632e-02 7.216018352820595394e-02 9.959399456292631347e-01
0.000000000000000000e+00 6.184952074539615374e+00 2.045585494193396858e+00 1.291400327180975305e+00 5.253851763246000089e-02 -1.176942473765846091e-02 7.204274403263902227e-02 9.959473017376853088e-01
0.000000000000000000e+00 6.184421240550199705e+00 2.042336002069721879e+00 1.291606685871098836e+00 5.213269410072610133e-02 -1.267194180515062926e-02 7.467240785271168912e-02 9.957638452977519705e-01
0.000000000000000000e+00 6.262927725441910454e+00 2.032261027927502184e+00 1.306056994277125405e+00 4.954454049523930592e-02 -2.318693863904720126e-02 1.101034081762409245e-01 9.924136959411840042e-01
0.000000000000000000e+00 6.344233431305144499e+00 2.041857415759314787e+00 1.292941599394320962e+00 5.172636434281285833e-02 -1.460551394147669747e-02 1.450829738065791963e-01 9.879584975624327026e-01
0.000000000000000000e+00 6.402426559008341123e+00 2.035797564072340471e+00 1.298845110547293125e+00 4.900920351921732310e-02 -1.172351644900238021e-02 1.614626166850046673e-01 9.855914369279561438e-01
0.000000000000000000e+00 6.449135129391801335e+00 2.009460035926233790e+00 1.291472552581608646e+00 5.087218449488317001e-02 -1.698845378554793978e-02 1.837687123918975429e-01 9.815052081514998861e-01
0.000000000000000000e+00 6.482935191721269419e+00 1.961218374603742376e+00 1.285212450145055696e+00 5.068043468482497788e-02 -1.673777226333915749e-02 2.209952643698229191e-01 9.738133464098392977e-01
0.000000000000000000e+00 6.508900470006279804e+00 1.913448021181742398e+00 1.280530292580749130e+00 5.014151402479110481e-02 -1.789381072917758941e-02 2.544721671989306766e-01 9.656135646468360090e-01
0.000000000000000000e+00 6.525778268573843022e+00 1.874557709784685722e+00 1.280866017950329727e+00 4.826644851548361065e-02 -1.681657837168549358e-02 2.719005098795058695e-01 9.609670469723902153e-01
0.000000000000000000e+00 6.501529451465263953e+00 1.792832448916581889e+00 1.268030850283278665e+00 4.920405386253579733e-02 -1.949443210564767021e-02 2.869173197937808784e-01 9.564922267340830730e-01
0.000000000000000000e+00 6.466461639350555402e+00 1.711573649614202663e+00 1.260343067121793892e+00 4.850817484796369344e-02 -2.093916171204713780e-02 2.937718015055436060e-01 9.544142900857591760e-01
0.000000000000000000e+00 6.462426901839471327e+00 1.668384214631383644e+00 1.255491191460491374e+00 4.872313029509227345e-02 -1.993242226690401797e-02 2.951246399177815949e-01 9.540074433830278977e-01
0.000000000000000000e+00 6.446791278097902200e+00 1.635692072648645468e+00 1.252156494401363673e+00 4.855057044644011527e-02 -2.031767783230413460e-02 2.949423909278299227e-01 9.540644737703019018e-01
0.000000000000000000e+00 6.379296269346997228e+00 1.545481534032001392e+00 1.242708160432296927e+00 4.836399785935908274e-02 -2.073494582853699017e-02 2.948443987022257851e-01 9.540952605932337960e-01
0.000000000000000000e+00 6.263313994516981786e+00 1.416340387408792978e+00 1.228223972865206459e+00 4.813063005051016613e-02 -2.117257087912665509e-02 2.948623925698121706e-01 9.540918897786079267e-01
0.000000000000000000e+00 6.094837422038229313e+00 1.284322844654152806e+00 1.213651925309214841e+00 4.779987477500270698e-02 -2.092136869937543525e-02 2.948025364734669918e-01 9.541325551473700539e-01
0.000000000000000000e+00 5.899959099192371603e+00 1.151925804931716701e+00 1.197518896623936957e+00 4.780806750188813098e-02 -2.093022789277073845e-02 2.948006773951989401e-01 9.541325247833362111e-01
0.000000000000000000e+00 5.704345376920498367e+00 1.019855052454825550e+00 1.183141765187499583e+00 4.767540879660413233e-02 -2.029534521575406675e-02 2.944797966615441132e-01 9.542519602897473474e-01
0.000000000000000000e+00 5.508766934333291232e+00 8.877030490814380448e-01 1.167288221938901360e+00 4.748064772661335364e-02 -2.061565424508807892e-02 2.944651142631547480e-01 9.542593354919277626e-01
0.000000000000000000e+00 5.306559192156734106e+00 7.558671916409149816e-01 1.153446376498473924e+00 4.566196683415141983e-02 -2.238822876619257427e-02 2.941083639008995054e-01 9.544181590273133065e-01
0.000000000000000000e+00 5.107094564058819230e+00 6.268779219959087490e-01 1.135765215066462996e+00 4.343755262017821167e-02 -2.584613486810615618e-02 2.939096900944399016e-01 9.544958095263381681e-01
0.000000000000000000e+00 4.899764193398450374e+00 4.977428048345434175e-01 1.124619087864159539e+00 3.976320385569354771e-02 -2.928040773775802616e-02 2.934125548330709932e-01 9.547097035267692045e-01
0.000000000000000000e+00 4.696212449092960206e+00 3.680966287457813069e-01 1.104210968907429757e+00 3.727112464646090834e-02 -3.369372151796986431e-02 2.930950482206857166e-01 9.547622160026921767e-01
0.000000000000000000e+00 4.489625392077052801e+00 2.410276560452831729e-01 1.096920881735944153e+00 3.280258607866889248e-02 -3.648426878901744885e-02 2.929212064885523548e-01 9.548769843633122534e-01
0.000000000000000000e+00 4.290558326038093284e+00 1.153452698546829358e-01 1.073967495293002505e+00 3.071890349868390546e-02 -4.005916949512915159e-02 2.925393234220500238e-01 9.549200784144022958e-01
0.000000000000000000e+00 4.089718716070265714e+00 -1.383194571967746866e-02 1.064500262877592140e+00 2.870939260004385513e-02 -3.927986031704622238e-02 2.925567947148788872e-01 9.550096257191159621e-01
0.000000000000000000e+00 3.895989027753971712e+00 -1.429103307847285620e-01 1.045141317694350480e+00 2.904440833405591560e-02 -3.725492634383537061e-02 2.925369174863248767e-01 9.550867210443453326e-01
0.000000000000000000e+00 3.700468368068653646e+00 -2.717510179395805081e-01 1.031431027197714956e+00 2.729977146779285352e-02 -3.619587785767983817e-02 2.926595317917782824e-01 9.551413399886613531e-01
0.000000000000000000e+00 3.504772853428507418e+00 -3.944436112243514536e-01 1.018719197702703916e+00 2.703074047431048080e-02 -3.290869682922872158e-02 2.932732785697385602e-01 9.550796515575907808e-01
0.000000000000000000e+00 3.307318520046728327e+00 -5.277598554980227341e-01 9.982922111926698649e-01 2.630593595159554793e-02 -3.294275012660913271e-02 2.935044298192471812e-01 9.550277077783057011e-01
0.000000000000000000e+00 3.114189129732993777e+00 -6.474514136035924849e-01 9.974283349837571588e-01 2.352906825906523128e-02 -2.914307030727063957e-02 2.939746152842948046e-01 9.550790490678645606e-01
0.000000000000000000e+00 2.916684803276580862e+00 -7.801158519006069492e-01 9.770153508883865356e-01 2.393028348690225127e-02 -2.918550239633377341e-02 2.940105234707635629e-01 9.550567313361848498e-01
0.000000000000000000e+00 2.718795820802557550e+00 -9.038969781607275600e-01 9.776415988553235348e-01 2.015969010802302203e-02 -2.622784781719410263e-02 2.943886658350134966e-01 9.551130824784610507e-01
0.000000000000000000e+00 2.522287646373733594e+00 -1.033076933297872646e+00 9.553979335407185580e-01 2.012591550698182574e-02 -2.537231126186207872e-02 2.948072662232323338e-01 9.550077848521557611e-01
0.000000000000000000e+00 2.324122698930047637e+00 -1.159675030306404286e+00 9.509265142653697822e-01 1.609921734331035484e-02 -2.386910183210708830e-02 2.949291354656707886e-01 9.550852769423959776e-01
0.000000000000000000e+00 2.125848995865309732e+00 -1.285750560560829925e+00 9.343003300642813702e-01 1.587191679018423035e-02 -2.223822545061206191e-02 2.955930808409251154e-01 9.549231770907981032e-01
0.000000000000000000e+00 1.927857596218280012e+00 -1.415691769900588426e+00 9.178493145456083635e-01 1.111891767169779707e-02 -2.215840200394929294e-02 2.955673213083642725e-01 9.550001745890102089e-01
0.000000000000000000e+00 1.725121275036136437e+00 -1.541436574054820818e+00 9.092284727746552386e-01 1.095675273821582023e-02 -2.062008960188140005e-02 2.962312357162422138e-01 9.548307789657138889e-01
0.000000000000000000e+00 1.529754958844806723e+00 -1.672680057255703900e+00 8.945148959405158084e-01 8.769131396234232378e-03 -2.126465987309394262e-02 2.963683194787796182e-01 9.547966986664550015e-01
0.000000000000000000e+00 1.336951290688838112e+00 -1.799807002691380386e+00 8.906223860423675420e-01 9.441455412604151873e-03 -1.498344394993893908e-02 2.966084053520547381e-01 9.548349643795006614e-01
0.000000000000000000e+00 1.147275228320220997e+00 -1.934446487139477311e+00 8.791671004821509650e-01 1.008791963320490592e-02 -1.217937949988569593e-02 2.969940893976147911e-01 9.547483477101982308e-01
0.000000000000000000e+00 9.545913303813342576e-01 -2.062554600276976569e+00 8.710324128032227442e-01 8.442615737228946829e-03 -7.860816625046222750e-03 2.967884208922488831e-01 9.548735848403109294e-01
0.000000000000000000e+00 7.629724946229081706e-01 -2.196275718787648934e+00 8.633776846893121970e-01 9.410709346732260699e-03 -5.829155786978944612e-03 2.969920642712189363e-01 9.548157797461888086e-01
0.000000000000000000e+00 5.683557328760800997e-01 -2.325987332958271647e+00 8.550722007076014819e-01 7.495631587385537774e-03 -3.436117998545023828e-03 2.970465702442707245e-01 9.548273894826866393e-01
0.000000000000000000e+00 3.725247108784760508e-01 -2.456545736679674796e+00 8.482125117214198706e-01 7.845298187717054256e-03 -1.309689275220769517e-03 2.978216364181471842e-01 9.545883976309187391e-01
0.000000000000000000e+00 1.783430914904877151e-01 -2.588238851350292968e+00 8.344771209577112048e-01 4.090347769450483617e-03 -2.094669614219777428e-03 2.981541527561673566e-01 9.545066697559447810e-01
0.000000000000000000e+00 -2.285905039958800733e-02 -2.723175789370158029e+00 8.304861975938686580e-01 1.961674333361483006e-03 -4.852342060228550386e-03 2.982847810588812321e-01 9.544625691974493176e-01
0.000000000000000000e+00 -2.181893668479255033e-01 -2.858046080647410836e+00 8.192536631837809002e-01 1.435488482666050962e-03 -1.612558829199847938e-03 2.984953820693563298e-01 9.544086367537270021e-01
0.000000000000000000e+00 -4.066001263214998884e-01 -2.995487692076335584e+00 8.197149585308354247e-01 2.428967512567626122e-03 3.070089234182508801e-04 2.989044078511639557e-01 9.542799174401025430e-01
0.000000000000000000e+00 -6.044914447545897129e-01 -3.126681002531626952e+00 8.152034455652378275e-01 5.875500147003922136e-04 -1.336791339460538606e-03 2.989229143617179174e-01 9.542761440188013422e-01
0.000000000000000000e+00 -7.939340996479558044e-01 -3.260396082431773479e+00 8.129668996666078451e-01 6.045644493454336178e-04 -1.258244767570303863e-04 2.991221024573434417e-01 9.542146438257621543e-01
0.000000000000000000e+00 -9.881760254512839126e-01 -3.393502642795851898e+00 8.120349868541069105e-01 2.493661762677796667e-04 -5.708308574396919830e-04 2.989431698260137660e-01 9.542707127346085061e-01
0.000000000000000000e+00 -1.140834083877291238e+00 -3.487500357091868786e+00 8.111461510280293385e-01 1.244334490181093079e-04 -3.199136460383580211e-04 2.986425567784142254e-01 9.543649749715397146e-01
0.000000000000000000e+00 -1.244670874574214103e+00 -3.532900665067440826e+00 8.105888108966480265e-01 6.527285538332334405e-05 -1.603008827831490103e-04 2.984085040319503501e-01 9.544382299365921085e-01
0.000000000000000000e+00 -1.299459198590059428e+00 -3.537335067259712584e+00 8.105030241820029291e-01 5.410544920119653498e-05 -1.385393120474556067e-04 2.983324317503499579e-01 9.544620149829862177e-01
0.000000000000000000e+00 -1.312512582573988063e+00 -3.537390507549859286e+00 8.101300259612637111e-01 6.122004589303888086e-05 -5.471886977755173657e-06 2.965984529101865497e-01 9.550022795540588083e-01
0.000000000000000000e+00 -1.321593135635434235e+00 -3.539118534838077590e+00 8.099875086118857315e-01 3.596556983396042034e-06 -7.588121466779342283e-06 2.836445894840839976e-01 9.589294795686961193e-01
0.000000000000000000e+00 -1.328047769561234492e+00 -3.542278916681076861e+00 8.101349532229545902e-01 3.497688264653426308e-05 -2.351084691503827943e-05 2.659380583665096887e-01 9.639901178622676259e-01
0.000000000000000000e+00 -1.328029026344106800e+00 -3.543606542060377951e+00 8.101230227325356692e-01 6.506184575128152819e-05 -2.554064461920599509e-05 2.648598425189094829e-01 9.642869173308793451e-01
0.000000000000000000e+00 -1.328078314754247424e+00 -3.543602620050327889e+00 8.102503291597061841e-01 6.848873244780386395e-05 -4.898418778967454130e-05 2.648507976860163815e-01 9.642894004783644224e-01
0.000000000000000000e+00 -1.328869554689446675e+00 -3.544622702685957805e+00 8.099948488820271075e-01 1.899090481828731786e-06 1.836123082512909118e-06 2.608102246731326956e-01 9.653900904292379570e-01
0.000000000000000000e+00 -1.331124557927489738e+00 -3.547663142602857977e+00 8.100178967543877340e-01 9.344551127564298140e-06 3.561336329178028608e-07 2.439960729713137322e-01 9.697762196956212222e-01
0.000000000000000000e+00 -1.344174293162828215e+00 -3.563458915710245645e+00 8.110920848007614481e-01 1.542979495510369851e-05 -3.230484969601293398e-04 2.127038595137016319e-01 9.771166581066794699e-01
0.000000000000000000e+00 -1.371163044547895948e+00 -3.592510032841686574e+00 8.101724076062178925e-01 6.789583150131432156e-05 -2.155225684776123968e-05 1.680742936650923280e-01 9.857743285025415414e-01
0.000000000000000000e+00 -1.402389203470925105e+00 -3.627287661867355517e+00 8.101421511292317135e-01 3.187804227045834202e-05 -3.667791098311772539e-05 1.251628417664673032e-01 9.921362107490401261e-01
0.000000000000000000e+00 -1.430375306073408570e+00 -3.667541500920579178e+00 8.102625705637966913e-01 8.176356099240443629e-05 -2.385708484636686957e-05 1.064329979039497498e-01 9.943198729296007787e-01
0.000000000000000000e+00 -1.439437786190581825e+00 -3.675803175426377578e+00 8.103707300411551184e-01 8.294962709760747913e-05 -5.519293336618134367e-05 1.039102081671198496e-01 9.945866773246891945e-01
0.000000000000000000e+00 -1.441049283698339956e+00 -3.677314890933546909e+00 8.111769357657635515e-01 -1.938426260405563145e-04 2.175280028689368674e-04 1.035368091934752294e-01 9.946255799287680999e-01
0.000000000000000000e+00 -1.475741828915602571e+00 -3.710307915580600913e+00 8.101595721139067674e-01 4.636174712800269289e-05 9.613883471490400150e-06 1.020924493388508797e-01 9.947749140112831512e-01
0.000000000000000000e+00 -1.550017720039925440e+00 -3.753089825854064809e+00 8.101785504717639030e-01 3.711506667472026918e-05 -5.271575488371624523e-05 1.016054227366528784e-01 9.948247754826109457e-01
0.000000000000000000e+00 -1.587948831399269789e+00 -3.759189983085668540e+00 8.101628333247151703e-01 3.445550057549968585e-05 -3.792845134712116988e-05 1.010035697203861965e-01 9.948860619578455688e-01
0.000000000000000000e+00 -1.589812341555082442e+00 -3.759184109941520635e+00 8.101377455468741218e-01 3.852291652953942553e-05 -3.306188062387736170e-05 1.009882234852879784e-01 9.948876198547164096e-01
0.000000000000000000e+00 -1.597446624856975861e+00 -3.767195438043301259e+00 8.101732610273419954e-01 5.015873911727269891e-05 6.910334160227566382e-06 1.003585092933350215e-01 9.949513390356172771e-01
0.000000000000000000e+00 -1.648438760316393248e+00 -3.809789859852936722e+00 8.099668787957072791e-01 3.940230705450301226e-06 7.376289689198087311e-07 9.988973664273237407e-02 9.949985128116403121e-01
0.000000000000000000e+00 -1.748825864746967218e+00 -3.856733376217570619e+00 8.100160442987737186e-01 2.287300171057101865e-05 -2.823189057554819217e-06 9.989921223829305308e-02 9.949975612347117249e-01
0.000000000000000000e+00 -1.898197225467864735e+00 -3.903618980184796250e+00 8.099741213068958334e-01 7.902486006332570118e-06 9.766963542905867360e-07 9.987174703878401449e-02 9.950003186331237703e-01
0.000000000000000000e+00 -2.098823982030349367e+00 -3.951027076412100492e+00 8.099792689788103406e-01 6.223391586891540472e-06 -1.215149960290149851e-06 9.988966627773043783e-02 9.949985198635807881e-01
0.000000000000000000e+00 -2.329505338058529773e+00 -3.997900673746095368e+00 8.100068638680020250e-01 -1.547918531041364879e-06 -9.910372771944324450e-06 9.988757140786126698e-02 9.949987301387013261e-01
0.000000000000000000e+00 -2.560850043167605339e+00 -4.044817990723857726e+00 8.099808982538145852e-01 -2.694670344154880615e-06 -6.476781560870295436e-06 9.987816569140192668e-02 9.949996743561833057e-01
0.000000000000000000e+00 -2.792170463121452340e+00 -4.091730231614578273e+00 8.099824891438475172e-01 -5.141712257152820132e-06 -6.106625850103045445e-06 9.986984860252094698e-02 9.950005091839811966e-01
0.000000000000000000e+00 -3.023537274504835892e+00 -4.138643843503903241e+00 8.099930074011970627e-01 -1.378765042746977887e-06 2.100912373401209559e-07 9.985195892112895544e-02 9.950023046695258833e-01
0.000000000000000000e+00 -3.252586880064386232e+00 -4.185075059788733398e+00 8.099787973327823298e-01 -2.710913803188334756e-06 -2.257111303915006306e-05 9.983876033129429617e-02 9.950036288470039958e-01
0.000000000000000000e+00 -3.486221688930662310e+00 -4.232395915058534186e+00 8.099767972299763974e-01 -6.042577311410020626e-06 4.598246255282595654e-06 9.982219074841706952e-02 9.950052915319244073e-01
0.000000000000000000e+00 -3.717564459434911761e+00 -4.279271811306133877e+00 8.099562372619411033e-01 -7.697933696675254525e-06 -5.023834595886203457e-06 9.980994249091124093e-02 9.950065202276133780e-01
0.000000000000000000e+00 -3.955848923962357322e+00 -4.327546722135608981e+00 8.099780751033749393e-01 -1.427143370027474373e-05 -2.419559367522648315e-05 9.981379874014721654e-02 9.950061330423852768e-01
0.000000000000000000e+00 -4.182600658787024805e+00 -4.373417629802374584e+00 8.099788377186143418e-01 -2.958154172786420726e-05 -2.767342256146686002e-05 9.978944867560517185e-02 9.950085749842223493e-01
0.000000000000000000e+00 -4.411626553844325116e+00 -4.419784624944621321e+00 8.099659618076386902e-01 -4.716917458674392842e-05 -4.709907372626152990e-05 9.978543841768881817e-02 9.950089757567698312e-01
0.000000000000000000e+00 -4.642984350572566754e+00 -4.466615129645480131e+00 8.100256998412135312e-01 -5.810375868032103663e-05 -3.135658467425679315e-05 9.976187298130033410e-02 9.950113387997047143e-01
0.000000000000000000e+00 -4.874424330902602520e+00 -4.513338998842964855e+00 8.099826006357115915e-01 -1.362142223237099051e-04 -1.051907199527864212e-04 9.975814946816606577e-02 9.950116994263360493e-01
0.000000000000000000e+00 -5.104015538024511578e+00 -4.559204959359869136e+00 8.101934435723801009e-01 -4.367367572133680313e-04 -3.382024117743020054e-04 9.972543253499474569e-02 9.950148405857280887e-01
0.000000000000000000e+00 -5.337694560475852334e+00 -4.606432551027864974e+00 8.100145265768875502e-01 -5.126873422824906055e-04 -3.756657267388188249e-04 9.972117149999198960e-02 9.950152179648410478e-01
0.000000000000000000e+00 -5.569033711005613618e+00 -4.652125767927202560e+00 8.124192060004497007e-01 -8.687809869225077879e-04 1.113108047681275007e-05 9.956330948480369980e-02 9.950308500243241205e-01
0.000000000000000000e+00 -5.803628404248628136e+00 -4.695889278619342910e+00 8.113271055222199823e-01 -2.601753511579792469e-03 -1.645500654082032938e-03 9.950753184053000300e-02 9.950320468775205596e-01
0.000000000000000000e+00 -6.034846639709030569e+00 -4.740626971608521423e+00 8.149197452173594369e-01 -3.179888792496576248e-03 -8.464348632338137158e-04 9.927010120072747579e-02 9.950550833310118914e-01
0.000000000000000000e+00 -6.267664599704747985e+00 -4.785674637164019529e+00 8.142482531482388985e-01 -3.674291136640462935e-03 -1.375015070402214922e-03 9.928248854535032253e-02 9.950515546374678610e-01
0.000000000000000000e+00 -6.498802019682657694e+00 -4.830585067685497336e+00 8.177207360264089342e-01 -4.629329710058106666e-03 -7.830377032519329154e-04 9.918094637529956126e-02 9.950583380056121641e-01
0.000000000000000000e+00 -6.730929893118837271e+00 -4.873722230858236415e+00 8.191196516053114163e-01 -5.809629917734630659e-03 -1.222360659942907206e-03 9.895172283484118814e-02 9.950745251400284763e-01
0.000000000000000000e+00 -6.930157516095690973e+00 -4.887925958243367397e+00 8.215803325044181982e-01 -6.761968529658446588e-03 -9.331295148427395025e-04 9.832865580612808187e-02 9.951305846461924176e-01
0.000000000000000000e+00 -7.084297797759504967e+00 -4.885746006623982396e+00 8.190232301074851229e-01 -6.082124638117048301e-03 -5.541879580442645109e-04 9.750728780820643038e-02 9.952160717451670191e-01
0.000000000000000000e+00 -7.230924338996091549e+00 -4.874273977739501440e+00 8.249260035464227592e-01 -8.267700316537875127e-03 -7.395174469545143345e-05 9.175313935721701730e-02 9.957474584856899069e-01
0.000000000000000000e+00 -7.333674701492540748e+00 -4.865846927544525968e+00 8.221304756616092391e-01 -7.049827794198965970e-03 -1.491993312386983954e-04 8.981330737013558385e-02 9.959336561673520771e-01
0.000000000000000000e+00 -7.385980107839201558e+00 -4.865418321745710983e+00 8.226828003882209472e-01 -7.257107106851059738e-03 -3.054220687290704262e-05 8.979051722836609017e-02 9.959342330091258688e-01
0.000000000000000000e+00 -7.391941937412115138e+00 -4.863845179104659522e+00 8.187178952943874322e-01 -5.979357662884817598e-03 3.645823750883830287e-05 8.912388783313242302e-02 9.960025996804645620e-01
0.000000000000000000e+00 -7.384483988389147768e+00 -4.850139397121821183e+00 8.224431248538395245e-01 -7.491171709125369130e-03 4.696707981779605690e-04 8.448935188614743741e-02 9.963961115809437663e-01
0.000000000000000000e+00 -7.243615445644713269e+00 -4.823735056594827597e+00 8.199601526403934582e-01 -4.515570114161916032e-03 7.374467090936446959e-04 4.910097476719510468e-02 9.987833399070124019e-01
0.000000000000000000e+00 -7.095865949472274004e+00 -4.794336500722749861e+00 8.115641676474758537e-01 -2.248857211978301605e-03 -3.345385437292222922e-05 1.671091555111367533e-02 9.998578333060771373e-01
0.000000000000000000e+00 -6.931269608401813720e+00 -4.757620095066546817e+00 8.129471460254465986e-01 -1.928670310669212094e-03 -6.592110551961364402e-05 -9.331647739384302254e-03 9.999545970871419609e-01
0.000000000000000000e+00 -6.751933511782920228e+00 -4.710328433452784402e+00 8.123123798997737843e-01 -1.164051757696162254e-03 1.446601066392269228e-04 -2.570453957045266621e-02 9.996688955361319184e-01
0.000000000000000000e+00 -6.582233044467349359e+00 -4.675152980430914873e+00 8.113884744420578610e-01 -4.164551115369671450e-04 2.301009193783351634e-04 -3.698672491589664879e-02 9.993156437275976245e-01
0.000000000000000000e+00 -6.460767694337380185e+00 -4.660937386777479041e+00 8.107936310508983002e-01 -5.413775023734030811e-04 -4.426124636419259825e-05 -4.086035836625615675e-02 9.991647191857424559e-01
0.000000000000000000e+00 -6.388947625120042773e+00 -4.661773645800124655e+00 8.109360727583529993e-01 -2.985089180837393781e-05 3.040402557009814349e-04 -4.089050767405048858e-02 9.991635867317253394e-01
0.000000000000000000e+00 -6.365108413929419839e+00 -4.651588318379824116e+00 8.109594645263447088e-01 -9.330166522154589132e-05 2.426686305137019874e-04 -4.047717262274391076e-02 9.991804296037847255e-01
0.000000000000000000e+00 -6.389462889794953249e+00 -4.631502742662839900e+00 8.106049128370460544e-01 -1.287312114419172362e-03 -7.369766811557430016e-04 -4.028610245491927311e-02 9.991870844050593226e-01
0.000000000000000000e+00 -6.401880675438762935e+00 -4.629279985218086146e+00 8.102691633262084636e-01 -1.096250759695279560e-03 -6.226412765530354131e-04 -4.004252074390712846e-02 9.991971812833473354e-01
0.000000000000000000e+00 -6.401758347382205727e+00 -4.629546116738624484e+00 8.102162050617085498e-01 -9.385836996855435486e-04 -5.204682532960092263e-04 -4.004851417595938629e-02 9.991971600668878573e-01
0.000000000000000000e+00 -6.412454356801902122e+00 -4.621649430278950810e+00 8.105923913805538339e-01 -2.476913128333100081e-04 8.227654615828372878e-05 -4.005505010647199271e-02 9.991974403692954754e-01
0.000000000000000000e+00 -6.468959002948523995e+00 -4.602443624954581480e+00 8.104955388450688636e-01 -3.888498418513431157e-04 -4.953423756237962291e-05 -4.004047261428960586e-02 9.991979818309204564e-01
0.000000000000000000e+00 -6.573660909963273014e+00 -4.584354633867529394e+00 8.115149834491152125e-01 2.149427346373230369e-04 2.090479548966350635e-04 -3.990419616705984801e-02 9.992034653797163823e-01
0.000000000000000000e+00 -6.728711992100199879e+00 -4.564946037631974818e+00 8.110175241878034846e-01 5.185009194747359460e-05 2.716385340485664816e-04 -3.988883844503789827e-02 9.992040853056899374e-01
0.000000000000000000e+00 -6.932261420877855684e+00 -4.546811013333384111e+00 8.142503712378598157e-01 2.809280919546649699e-04 7.378091334659528855e-04 -3.997728635608331638e-02 9.992002768678027724e-01
0.000000000000000000e+00 -7.163736477936361702e+00 -4.528452594876370974e+00 8.141599987005756489e-01 1.354224514203379917e-04 1.082799605224037294e-03 -4.009790185370892823e-02 9.991951598525209421e-01
0.000000000000000000e+00 -7.399917160102003955e+00 -4.510415272942402076e+00 8.144586031896359213e-01 6.969071430245814096e-04 5.091813898314602330e-04 -4.010340121498201515e-02 9.991951622509671616e-01
0.000000000000000000e+00 -7.638116865611307205e+00 -4.492870454535380809e+00 8.162755111306655431e-01 3.869608278842632545e-04 1.466140499497533287e-03 -3.994680670615574636e-02 9.992006571892025901e-01
0.000000000000000000e+00 -7.873499582059046986e+00 -4.474160532855381511e+00 8.169421323960028847e-01 4.991395220246055151e-04 1.342608202898335629e-03 -3.993971046688347265e-02 9.992010647466168516e-01
0.000000000000000000e+00 -8.106758302133497907e+00 -4.455790032382179078e+00 8.170771819026818594e-01 2.822063222948823120e-04 1.820397520387420729e-03 -3.986152078407226296e-02 9.992035156429546205e-01
0.000000000000000000e+00 -8.342575640316477248e+00 -4.437425755437490515e+00 8.176758667149018889e-01 5.858548243956159191e-04 1.463279936679240953e-03 -3.985970211773829514e-02 9.992040430928194050e-01
0.000000000000000000e+00 -8.579866079937495726e+00 -4.418159242700513190e+00 8.187837499765429072e-01 2.363219846626829089e-04 1.945278759011025843e-03 -3.990516183617052320e-02 9.992015502896793855e-01
0.000000000000000000e+00 -8.812626861822685953e+00 -4.399551159998872585e+00 8.190975703141453179e-01 3.871701654815733174e-04 2.001026585071113018e-03 -3.992163235542647154e-02 9.992007352188784219e-01
0.000000000000000000e+00 -9.047800398770348806e+00 -4.380602873807556641e+00 8.202555152092148028e-01 2.734913222528517914e-04 2.148253633579263848e-03 -3.994934628577912622e-02 9.991993594574415383e-01
0.000000000000000000e+00 -9.282178804754126489e+00 -4.361676941100129490e+00 8.211875850833865176e-01 2.521675154622048478e-04 2.692534570140436498e-03 -3.995198274376850212e-02 9.991979412228463309e-01
0.000000000000000000e+00 -9.517400835928242486e+00 -4.342798937278200988e+00 8.225261123592880752e-01 2.578111393331334526e-04 2.699798758083998135e-03 -3.995169409006291833e-02 9.991979317229475743e-01
0.000000000000000000e+00 -9.534850000572170359e+00 -4.324144065355577382e+00 8.245210291414737380e-01 4.468570102288849127e-05 3.933673749865320389e-03 -3.981494854859617821e-02 9.991993265040216565e-01
0.000000000000000000e+00 -9.533729184928828815e+00 -4.307920816590846691e+00 8.253280613904954155e-01 -1.346965091233567674e-04 3.896628085722156874e-03 -3.894827488721520903e-02 9.992336213467408745e-01
0.000000000000000000e+00 -9.532758491237270704e+00 -4.292920389405421311e+00 8.248703668435345415e-01 3.158114802573157298e-04 3.904886371361934467e-03 -3.819322758189339084e-02 9.992626929353528586e-01
0.000000000000000000e+00 -9.531706868955298617e+00 -4.277077882737412295e+00 8.256378675091964325e-01 1.150866658028002105e-04 3.868815769670316904e-03 -3.734531181567429109e-02 9.992949247869669094e-01
0.000000000000000000e+00 -9.530767046673300769e+00 -4.267789054689041350e+00 8.261395773775062068e-01 1.181422361202722415e-04 3.804479392738255913e-03 -3.686901869128777348e-02 9.993128576375388539e-01
0.000000000000000000e+00 -9.530384070312599931e+00 -4.267864537843383488e+00 8.260665074582382861e-01 1.317453249988996794e-04 3.768664279082530218e-03 -3.686323363203740378e-02 9.993132050658146692e-01
0.000000000000000000e+00 -9.530008357892684856e+00 -4.267947426963035973e+00 8.259962616102705102e-01 1.532778211307288176e-04 3.732048251235524101e-03 -3.685754449199800387e-02 9.993135492605813575e-01
0.000000000000000000e+00 -9.529619353741052734e+00 -4.268027760850907626e+00 8.259066905807429526e-01 1.723026823846846652e-04 3.694740391928187997e-03 -3.685230160738972582e-02 9.993138781541364146e-01
0.000000000000000000e+00 -9.529237827823013873e+00 -4.268103172916951848e+00 8.258276171428653445e-01 1.913557183317256044e-04 3.657692510426434774e-03 -3.684821365650951114e-02 9.993141617223347817e-01
0.000000000000000000e+00 -9.528865394322938442e+00 -4.268186454170947108e+00 8.257333633039760645e-01 2.084774213254116419e-04 3.620254471158091975e-03 -3.684241568110796505e-02 9.993145084013886903e-01
0.000000000000000000e+00 -9.528492824230175628e+00 -4.268268579857162237e+00 8.256696786352863970e-01 2.332490453271130913e-04 3.585416303468055930e-03 -3.683940914641291309e-02 9.993147393682115798e-01
0.000000000000000000e+00 -9.528132297682075702e+00 -4.268327848032098970e+00 8.255958882956950795e-01 2.467357626500788739e-04 3.550383818645462021e-03 -3.683314564390297724e-02 9.993150920896667344e-01
0.000000000000000000e+00 -9.527779035074804170e+00 -4.268413394925923754e+00 8.255364139382799227e-01 2.696145261358080954e-04 3.514196995135169393e-03 -3.682626216131013736e-02 9.993154677791757923e-01
0.000000000000000000e+00 -9.527419070623937003e+00 -4.268484638917046325e+00 8.254508114870111601e-01 2.830500587371125813e-04 3.481850440864451592e-03 -3.682079173665594313e-02 9.993157788687505594e-01
0.000000000000000000e+00 -9.527082184016485655e+00 -4.268566392135720200e+00 8.253864812454729805e-01 3.108099189219909616e-04 3.448630689354269686e-03 -3.681633208379233441e-02 9.993160501240129223e-01
0.000000000000000000e+00 -9.526746259847795884e+00 -4.268638299356049437e+00 8.252949893310729257e-01 3.247295539972307947e-04 3.415801809180164274e-03 -3.680792570358180915e-02 9.993164681191424314e-01
0.000000000000000000e+00 -9.526415593621759825e+00 -4.268714313438406904e+00 8.252379489350022412e-01 3.409976925650505032e-04 3.384914096545859133e-03 -3.680344357335014333e-02 9.993167328821608297e-01
0.000000000000000000e+00 -9.526092996097069943e+00 -4.268786299028738185e+00 8.251824853405649307e-01 3.588361311343644532e-04 3.351940227484380159e-03 -3.679795908073010130e-02 9.993170397530681814e-01
0.000000000000000000e+00 -9.525768661590451103e+00 -4.268850434996897647e+00 8.251069938627340061e-01 3.773179988983613848e-04 3.322690758786559732e-03 -3.679113108427602835e-02 9.993173820317490241e-01
0.000000000000000000e+00 -9.525457094659385504e+00 -4.268930931136948992e+00 8.250433465456292748e-01 3.914818146934417788e-04 3.291946218820911933e-03 -3.678572018516937381e-02 9.993176775292926806e-01
0.000000000000000000e+00 -9.525155264873330196e+00 -4.268993666483096305e+00 8.250023606902865403e-01 4.030450485109841711e-04 3.262686480871809271e-03 -3.677957251312434506e-02 9.993179951733924815e-01
0.000000000000000000e+00 -9.524860053477581801e+00 -4.269060438694703308e+00 8.249327162303810024e-01 4.207686206977365021e-04 3.234696419911808896e-03 -3.677322930674895018e-02 9.993183123005362489e-01
0.000000000000000000e+00 -9.524570254412687120e+00 -4.269133380620146134e+00 8.248709883322029590e-01 4.411157736796296469e-04 3.205695427934365620e-03 -3.676584904954136035e-02 9.993186685323977025e-01
0.000000000000000000e+00 -9.524276060810192845e+00 -4.269195798630832428e+00 8.247917389201819827e-01 4.468734889255473216e-04 3.179423994972094096e-03 -3.675812020878916481e-02 9.993190342257378678e-01
0.000000000000000000e+00 -9.523993256063933543e+00 -4.269268010353179932e+00 8.247405909463396689e-01 4.688555456648730506e-04 3.151836306207812886e-03 -3.675130809606096116e-02 9.993193620938227717e-01
0.000000000000000000e+00 -9.523715015387420380e+00 -4.269329686270157076e+00 8.246971732062883254e-01 4.810189686762894037e-04 3.124937238335241674e-03 -3.674549280721229466e-02 9.993196546382761003e-01
0.000000000000000000e+00 -9.523438412251538310e+00 -4.269392044457584134e+00 8.246244621471642278e-01 4.962436877805758177e-04 3.099030194869813876e-03 -3.673918983540187810e-02 9.993199596146832286e-01
0.000000000000000000e+00 -9.523168923910288797e+00 -4.269443184868573660e+00 8.245858839300482801e-01 5.023705219670324519e-04 3.072750207194327628e-03 -3.673162512375723054e-02 9.993203157875810705e-01
