8.070499999999999829e+01 1.331569999456405640e-02 -6.210331805050373077e-03 5.472015123814344406e-03 8.775795361843731490e-02 1.289668331588478267e-02 -1.275718011995027271e-03 9.960575232785040534e-01
8.091299999999999670e+01 1.373315881937742233e-02 -5.171936936676502228e-03 3.856781171634793282e-03 8.732590530465149381e-02 9.341804903018688030e-03 -9.827159100501319314e-04 9.961355084592241615e-01
8.110200000000000387e+01 1.146205328404903412e-02 -6.362169981002807617e-03 6.590822711586952209e-03 8.776361808579055679e-02 1.232273523643270981e-02 -1.253620505703339225e-03 9.960643181905534105e-01
8.130100000000000193e+01 9.052369743585586548e-03 -8.280877023935317993e-03 9.528631344437599182e-03 8.716848373431508590e-02 1.107814221739159694e-02 -1.114457545255208076e-03 9.961313609122299795e-01
8.151900000000000546e+01 1.031755469739437103e-02 -6.786410696804523468e-03 6.843823008239269257e-03 8.865781727852219130e-02 9.844896550650829303e-03 -1.049672106826690914e-03 9.960129354761328990e-01
8.171699999999999875e+01 1.383054628968238831e-02 -5.910444539040327072e-03 4.008364863693714142e-03 8.806760133146968039e-02 1.206715193402530667e-02 -1.215665673425698557e-03 9.960406636261859292e-01
8.190399999999999636e+01 1.052292995154857635e-02 -6.702249404042959213e-03 8.108834736049175262e-03 8.703671502473529775e-02 1.251805772526227989e-02 -1.267340002845836894e-03 9.961256458488594312e-01
8.211799999999999500e+01 1.156370155513286591e-02 -7.045868784189224243e-03 8.368670940399169922e-03 8.855232435722006079e-02 1.095440818617312261e-02 -1.112033696701947337e-03 9.960106677005431397e-01
8.230200000000000671e+01 1.100105233490467072e-02 -7.246057502925395966e-03 7.197202183306217194e-03 8.685978673642691383e-02 1.343916749885691424e-02 -1.369727022655191796e-03 9.961289525322128968e-01
8.250199999999999534e+01 1.281372457742691040e-02 -6.326734088361263275e-03 5.482797510921955109e-03 8.770646991526108438e-02 1.074402881223483416e-02 -1.099119399860025046e-03 9.960878138580101515e-01
8.270699999999999363e+01 1.095922570675611496e-02 -7.921664044260978699e-03 7.337925489991903305e-03 8.897849136129812320e-02 1.048081723919202200e-02 -1.105770813900701886e-03 9.959777898206230162e-01
8.290600000000000591e+01 1.286778040230274200e-02 -6.262842565774917603e-03 5.975038744509220123e-03 8.801844843229358895e-02 1.389948483415030279e-02 -1.380619235456845674e-03 9.960209088906937236e-01
8.310500000000000398e+01 1.041887421160936356e-02 -7.555728778243064880e-03 8.268840610980987549e-03 8.916048086778821657e-02 1.158824550524678414e-02 -1.186862516919622674e-03 9.959491516010748891e-01
8.330899999999999750e+01 1.197031047195196152e-02 -6.621215026825666428e-03 6.365348584949970245e-03 8.728399947621161281e-02 1.121258960494264829e-02 -1.164796271728089959e-03 9.961196838329383629e-01
8.351699999999999591e+01 1.196815352886915207e-02 -6.127237807959318161e-03 6.783509626984596252e-03 8.864524896251170516e-02 1.313434344040783318e-02 -1.356329714544766973e-03 9.959757372689704846e-01
8.370900000000000318e+01 1.436171494424343109e-02 -5.936552304774522781e-03 5.374822765588760376e-03 8.655045503766391202e-02 1.241585080230651894e-02 -1.234275869033047519e-03 9.961693339712417439e-01
8.392100000000000648e+01 1.506209932267665863e-02 -5.245326086878776550e-03 4.141744226217269897e-03 8.807401807876566457e-02 1.071088639833853162e-02 -1.068335481368389494e-03 9.960557729923170678e-01
8.411100000000000421e+01 1.382480002939701080e-02 -5.995677784085273743e-03 5.603198893368244171e-03 8.794890125451290674e-02 1.290368920531384349e-02 -1.305677926901216684e-03 9.960405517739566728e-01
8.431100000000000705e+01 1.157194562256336212e-02 -6.432626862078905106e-03 7.832665927708148956e-03 8.807990845440462346e-02 1.203486185551379782e-02 -1.239992678724578584e-03 9.960399360693020787e-01
8.450000000000000000e+01 1.454480458050966263e-02 -5.900048650801181793e-03 4.547607153654098511e-03 8.870446076854374140e-02 1.231959564163987580e-02 -1.231463735393218675e-03 9.959810388255677660e-01
8.470900000000000318e+01 1.287415623664855957e-02 -6.001869682222604752e-03 7.478875108063220978e-03 8.885997693601964398e-02 1.352902168650194428e-02 -1.364327896504547496e-03 9.959513083883807516e-01
8.491700000000000159e+01 1.476461067795753479e-02 -5.758599378168582916e-03 4.548649769276380539e-03 8.905184728771955993e-02 1.079750292328160964e-02 -1.102975399685785299e-03 9.959678538339148401e-01
8.510999999999999943e+01 1.716685853898525238e-02 -4.605634603649377823e-03 2.266036812216043472e-03 8.754359952765082553e-02 1.134598321404098852e-02 -1.156169930898268486e-03 9.960954021165542294e-01
8.530500000000000682e+01 1.049001421779394150e-02 -6.988012231886386871e-03 8.567415177822113037e-03 8.669242398923347748e-02 1.215415902016405564e-02 -1.239648862155701093e-03 9.961602096611177348e-01
8.550600000000000023e+01 1.316468603909015656e-02 -6.134574301540851593e-03 8.157686330378055573e-03 8.759704591145967001e-02 1.164723708014468728e-02 -1.128817355462827200e-03 9.960872578179899017e-01
8.570499999999999829e+01 1.852339953184127808e-01 4.800831675529479980e-01 8.039796352386474609e-02 1.635307244295861329e-01 3.658869864104505321e-03 1.228398937513392325e-01 9.788537558501841929e-01
8.591800000000000637e+01 3.174936175346374512e-01 2.153627574443817139e-01 -3.709779679775238037e-02 1.643713959736867458e-01 -4.903002812306635205e-03 1.672978203158191901e-01 9.720953883578813404e-01
8.612300000000000466e+01 3.906757831573486328e-01 -9.379696846008300781e-02 -7.582905888557434082e-02 1.638372679057595871e-01 -7.840500668073180357e-03 2.121765590279759417e-01 9.633675228039911831e-01
8.630700000000000216e+01 4.841890931129455566e-01 -4.990060925483703613e-01 -7.651406526565551758e-02 1.530082337530173642e-01 -8.892928081490079906e-03 2.722871296138329456e-01 9.499311108078202226e-01
8.651900000000000546e+01 8.456164598464965820e-02 -2.530667483806610107e-01 -7.595852017402648926e-03 1.693598143642341125e-01 -1.498567771947376115e-02 3.457928543774714258e-01 9.227784049289846635e-01
8.670199999999999818e+01 -7.086440920829772949e-02 -1.624121516942977905e-01 1.854168921709060669e-01 1.790812328614554416e-01 -1.006151730951997114e-02 4.152967029499752827e-01 8.918280812046295303e-01
8.690000000000000568e+01 9.309358894824981689e-02 -5.359553098678588867e-01 2.109288573265075684e-01 1.646410514977329764e-01 -2.940138336878873881e-02 4.639259402979024616e-01 8.699434491600184227e-01
8.712199999999999989e+01 -1.424972563982009888e-01 -1.875040531158447266e-01 4.404884576797485352e-01 2.192725097725647387e-01 -4.423204389409918225e-02 5.373630011062042744e-01 8.131445737340465829e-01
8.731100000000000705e+01 1.438138037919998169e-01 -1.928332448005676270e-01 5.312649011611938477e-01 2.206712486244982452e-01 -2.117634301255899576e-02 5.427458863493925811e-01 8.101127485590703392e-01
8.752599999999999625e+01 5.016576498746871948e-02 -9.729378670454025269e-02 4.395640194416046143e-01 2.162029390672312590e-01 -4.656249500373403627e-02 5.476479250443475610e-01 8.069510353127623548e-01
8.770000000000000284e+01 2.160727977752685547e-01 -8.528218418359756470e-02 5.081596374511718750e-01 2.236638209668674049e-01 -2.697298977220655147e-02 5.550440858431640034e-01 8.007327992431533259e-01
8.790200000000000102e+01 1.846071004867553711e+00 -1.613516688346862793e+00 -3.050937652587890625e-01 1.221008816095225658e-01 -5.125971920441618757e-02 5.241009225309631869e-01 8.412978300812709032e-01
8.811400000000000432e+01 2.165235519409179688e+00 -1.245990633964538574e+00 -3.225729167461395264e-01 1.341435014353554445e-01 -5.355943587200048817e-02 5.360708217400595998e-01 8.317241020498763460e-01
8.831399999999999295e+01 2.418419122695922852e+00 -8.523759245872497559e-01 -2.416372001171112061e-01 1.360290248359420084e-01 -5.170091217137239709e-02 5.391200254509264100e-01 8.295617627643062653e-01
8.850400000000000489e+01 3.931853055953979492e+00 -1.727521181106567383e+00 -6.765958070755004883e-01 1.355361715139144774e-01 -5.483813601300709106e-02 5.421867479034123694e-01 8.274395781251288051e-01
8.872299999999999898e+01 4.455231666564941406e+00 -2.167978525161743164e+00 -5.303155183792114258e-01 1.110825037484075850e-01 -3.038043704324486227e-02 5.254913991843683796e-01 8.429688581372988265e-01
8.891899999999999693e+01 5.067814350128173828e+00 -1.890031814575195312e+00 -4.365670680999755859e-01 1.174158148591629147e-01 -3.491834886647195851e-02 5.388854903275268615e-01 8.334246598510623993e-01
8.911499999999999488e+01 5.398956298828125000e+00 -1.369176626205444336e+00 -2.955896258354187012e-01 1.142513622067655582e-01 -2.815610032196099594e-02 5.398009565633058449e-01 8.335279164742463998e-01
8.932299999999999329e+01 5.439512252807617188e+00 -9.746424555778503418e-01 -2.325022220611572266e-02 1.116612171824414440e-01 -1.543765412751969129e-02 5.424189755963835236e-01 8.325113250432960577e-01
8.952599999999999625e+01 6.358962059020996094e+00 -1.564032554626464844e+00 -6.302557885646820068e-02 1.051267429796018948e-01 -1.257014488677337533e-02 5.396753309597975834e-01 8.351891381725814467e-01
8.970699999999999363e+01 6.553029060363769531e+00 -1.081666111946105957e+00 6.873323023319244385e-02 1.021749399755932791e-01 -1.026669852771568830e-02 5.403187975765358919e-01 8.351709247380268986e-01
8.992000000000000171e+01 6.767798900604248047e+00 -6.318954229354858398e-01 2.330307811498641968e-01 9.094711130300665858e-02 2.264035134860162279e-03 5.420418343686546070e-01 8.354125608852256413e-01
9.010200000000000387e+01 6.930377483367919922e+00 -2.414814233779907227e-01 3.168734014034271240e-01 8.976150125482110220e-02 4.944848730474599163e-03 5.421576114909449906e-01 8.354540954869675851e-01
9.030400000000000205e+01 7.143342971801757812e+00 2.566639482975006104e-01 3.889020383358001709e-01 8.709042957066982782e-02 7.062590028358226024e-03 5.423147695610651686e-01 8.356195711059046793e-01
9.050000000000000000e+01 7.340027332305908203e+00 7.085708379745483398e-01 4.485530555248260498e-01 8.454335543203901626e-02 8.497182500221148183e-03 5.426294527050378180e-01 8.356635064419657422e-01
9.071299999999999386e+01 7.533475875854492188e+00 1.188253760337829590e+00 5.551519393920898438e-01 8.039149959228612807e-02 1.023521111184950635e-02 5.434369952959182681e-01 8.355289817777380446e-01
9.090399999999999636e+01 7.709480762481689453e+00 1.605628967285156250e+00 6.073209047317504883e-01 8.000739475202978124e-02 1.183704862674487754e-02 5.437581239364707164e-01 8.353357431104520003e-01
9.110299999999999443e+01 7.898049831390380859e+00 2.029032468795776367e+00 6.383457183837890625e-01 7.895156064441773147e-02 1.274889020004868478e-02 5.438940009834897227e-01 8.353343238276814686e-01
9.131799999999999784e+01 8.046589851379394531e+00 2.524128198623657227e+00 7.611751556396484375e-01 6.831496898322217404e-02 1.468599632520478648e-02 5.448726863921056207e-01 8.356022631303768877e-01
9.151099999999999568e+01 8.272781372070312500e+00 2.878412723541259766e+00 7.273313999176025391e-01 7.816885866225166402e-02 1.134948217479944330e-02 5.438945714677994037e-01 8.354277430859377018e-01
9.170600000000000307e+01 8.493132591247558594e+00 3.112296104431152344e+00 7.538858652114868164e-01 8.963391580006351000e-02 1.353764752307889258e-02 5.411804401576885137e-01 8.360061150665217822e-01
9.190699999999999648e+01 8.627576828002929688e+00 3.273216485977172852e+00 7.675684094429016113e-01 8.959917017873049450e-02 1.602437359013877960e-02 5.370274050147926248e-01 8.386398359351913134e-01
9.211799999999999500e+01 8.515056610107421875e+00 3.254262924194335938e+00 8.009788990020751953e-01 8.671056540432926785e-02 1.880712624529121482e-02 5.139976247022784994e-01 8.531904896622271028e-01
9.231399999999999295e+01 8.195533752441406250e+00 3.139766693115234375e+00 7.696821093559265137e-01 7.972005742131421657e-02 1.614629712110269774e-02 4.713566254024467161e-01 8.781838880457992769e-01
9.251099999999999568e+01 7.815118789672851562e+00 3.180108070373535156e+00 8.156527876853942871e-01 8.137274740122678318e-02 2.096224444869606435e-02 4.110275142285266248e-01 9.077419472709011838e-01
9.271200000000000330e+01 7.585323810577392578e+00 3.239583492279052734e+00 8.535359501838684082e-01 7.475769002665012819e-02 2.722446172508996565e-02 3.673544405217302189e-01 9.266719114630727061e-01
9.290900000000000603e+01 7.572993278503417969e+00 3.289415121078491211e+00 8.632947206497192383e-01 7.367091351526314225e-02 2.695959235423640854e-02 3.590350646667748169e-01 9.300212896604275192e-01
9.311499999999999488e+01 7.636961936950683594e+00 3.369067668914794922e+00 8.664984107017517090e-01 7.402613678049688173e-02 2.467557780890063113e-02 3.585390144073900554e-01 9.302478283129336223e-01
9.330200000000000671e+01 7.665719509124755859e+00 3.414260149002075195e+00 8.719355463981628418e-01 7.158293452384978384e-02 2.695079264924510679e-02 3.579232725526538816e-01 9.306129535020079002e-01
9.350199999999999534e+01 7.821739673614501953e+00 3.574634313583374023e+00 8.828337788581848145e-01 7.410284667968640437e-02 2.671630930658781128e-02 3.576201988379484886e-01 9.305389837691421251e-01
9.371399999999999864e+01 8.159337997436523438e+00 3.864718675613403320e+00 8.877751231193542480e-01 7.754793773540154256e-02 2.413501655250527983e-02 3.575694647250405311e-01 9.303482660946085225e-01
9.391400000000000148e+01 8.500786781311035156e+00 4.181822299957275391e+00 8.794317245483398438e-01 7.658217105825322613e-02 1.908116151521598719e-02 3.566908065361890645e-01 9.308827793464641287e-01
9.410500000000000398e+01 8.799139976501464844e+00 4.454243659973144531e+00 8.684691190719604492e-01 7.808177379872587032e-02 1.693459598299307603e-02 3.559468086284683364e-01 9.310844889087916965e-01
9.431799999999999784e+01 9.158618927001953125e+00 4.790825843811035156e+00 8.684762716293334961e-01 7.720315606145911058e-02 1.249998052026806729e-02 3.555290651917899503e-01 9.313874097200341984e-01
9.451500000000000057e+01 9.498782157897949219e+00 5.119756698608398438e+00 8.562296628952026367e-01 7.473460176433951996e-02 6.999199207716595011e-03 3.549572472144265078e-01 9.318643158526529469e-01
9.470099999999999341e+01 9.791049957275390625e+00 5.393675804138183594e+00 8.454037904739379883e-01 7.464062038725444159e-02 2.571787468611634597e-03 3.548147194733708432e-01 9.319488604759680328e-01
9.491200000000000614e+01 1.015397357940673828e+01 5.705564498901367188e+00 8.604815006256103516e-01 7.744734429389134311e-02 -1.427975027551812992e-04 3.543749678048265239e-01 9.318906967364921634e-01
9.512500000000000000e+01 1.052360057830810547e+01 6.022011280059814453e+00 8.724786043167114258e-01 7.971357912499063558e-02 -1.704971587597411270e-03 3.541322290611896850e-01 9.317903212177739425e-01
9.531199999999999761e+01 1.082726669311523438e+01 6.287508964538574219e+00 8.935492038726806641e-01 8.411852405182361492e-02 -5.269002005788111370e-03 3.541597023671999578e-01 9.313792013720201268e-01
9.551999999999999602e+01 1.117815399169921875e+01 6.590970516204833984e+00 8.974263072013854980e-01 8.685241530318416059e-02 -7.928052924059642709e-03 3.537062196193430097e-01 9.312817587258055418e-01
9.570900000000000318e+01 1.147982025146484375e+01 6.863451957702636719e+00 9.539402127265930176e-01 7.795791317038569535e-02 -5.633983444694994763e-03 3.547829178010886708e-01 9.316758573888289652e-01
9.590500000000000114e+01 1.161246013641357422e+01 6.956295490264892578e+00 9.403271675109863281e-01 8.318908910784057753e-02 -9.472831251734346175e-03 3.546756564285462043e-01 9.312330640921548941e-01
9.610299999999999443e+01 1.163392543792724609e+01 6.969633579254150391e+00 9.390066862106323242e-01 8.207856015069367461e-02 -1.004623431564699229e-02 3.546244453724067824e-01 9.313450949481492103e-01
9.631900000000000261e+01 1.147343635559082031e+01 6.988570690155029297e+00 9.618864655494689941e-01 7.976852275555826322e-02 -9.400708766407979422e-03 3.406149381931025122e-01 9.367657515792270351e-01
9.651300000000000523e+01 1.119476795196533203e+01 6.855502128601074219e+00 9.852095842361450195e-01 7.534319461480556979e-02 -3.391417618393524624e-03 3.308811669710269854e-01 9.406537910706916916e-01
9.671399999999999864e+01 1.105012321472167969e+01 6.647838115692138672e+00 9.077615737915039062e-01 8.680962635292185925e-02 -6.816405179619820093e-03 3.312420662547431727e-01 9.395191956187919358e-01
9.690699999999999648e+01 1.081717014312744141e+01 6.556516170501708984e+00 1.010910391807556152e+00 6.877354505538157969e-02 4.516139230662206960e-03 3.332108044906109678e-01 9.403299228237314011e-01
9.711100000000000421e+01 1.045950031280517578e+01 6.222606658935546875e+00 9.466968774795532227e-01 7.396695877267617236e-02 3.323355804921129808e-03 3.328788301413772577e-01 9.400582581733023524e-01
9.731799999999999784e+01 1.009415245056152344e+01 5.876971244812011719e+00 8.760968446731567383e-01 8.121963470481556591e-02 1.319307766612577704e-03 3.327064133665963985e-01 9.395254508900591217e-01
9.751000000000000512e+01 9.748688697814941406e+00 5.599038600921630859e+00 8.666480183601379395e-01 7.868912263261931828e-02 3.273348687873579854e-03 3.328832339647784799e-01 9.396733792721951861e-01
9.772299999999999898e+01 9.378183364868164062e+00 5.304729461669921875e+00 8.835139870643615723e-01 7.722166731675858542e-02 9.137481883707308100e-03 3.326814169704670476e-01 9.398278540904005940e-01
9.791200000000000614e+01 9.073479652404785156e+00 5.040581703186035156e+00 8.771694898605346680e-01 7.619025928941368375e-02 1.349949144486051883e-02 3.321120050175617178e-01 9.400608619889231354e-01
9.810299999999999443e+01 8.747495651245117188e+00 4.757065296173095703e+00 9.053403735160827637e-01 7.919476210738997379e-02 1.950994673783034219e-02 3.330672699664239400e-01 9.393688015418407700e-01
9.830599999999999739e+01 8.401270866394042969e+00 4.456870555877685547e+00 9.217317104339599609e-01 8.051467045083159080e-02 2.591254376388311964e-02 3.331398212922295210e-01 9.390760285446860811e-01
9.851099999999999568e+01 8.085930824279785156e+00 4.204947471618652344e+00 9.166766405105590820e-01 7.860430734927682794e-02 2.630365176367081836e-02 3.332725281550760754e-01 9.391799096803338243e-01
9.870000000000000284e+01 7.922641754150390625e+00 4.076557636260986328e+00 9.271444082260131836e-01 7.663738867373361130e-02 2.723824473155818729e-02 3.334595156999700660e-01 9.392494557200212757e-01
9.891299999999999670e+01 7.796803474426269531e+00 4.013088226318359375e+00 9.213832020759582520e-01 7.773475382454785032e-02 2.611220066963213654e-02 3.294372816137718374e-01 9.406096632009232072e-01
9.910599999999999454e+01 7.813598632812500000e+00 3.994801282882690430e+00 9.389443993568420410e-01 7.669749248065035885e-02 3.228661847287893349e-02 3.283562846453604855e-01 9.408810866675246798e-01
9.930299999999999727e+01 7.458255290985107422e+00 4.036606788635253906e+00 9.962857961654663086e-01 7.663837045848941043e-02 3.437457532281591732e-02 2.920157816440060450e-01 9.527180758312941977e-01
9.952400000000000091e+01 7.033761024475097656e+00 4.033407211303710938e+00 1.026659488677978516e+00 6.824045604755553385e-02 3.570410663959720787e-02 2.568819007094168549e-01 9.633691639321901867e-01
9.970399999999999352e+01 6.588412761688232422e+00 3.950344800949096680e+00 1.058588504791259766e+00 6.299330928142068964e-02 3.758948111606190412e-02 2.271884098517240602e-01 9.710840850947179970e-01
9.990000000000000568e+01 6.018743038177490234e+00 3.954890727996826172e+00 1.113469004631042480e+00 6.071882015197846427e-02 4.018826816699961474e-02 1.800772427380003538e-01 9.809537780287957975e-01
1.001039999999999992e+02 5.484415531158447266e+00 4.155359745025634766e+00 1.220522999763488770e+00 6.013285984262211475e-02 4.779479009196801326e-02 1.042838434329130537e-01 9.915768135682037077e-01
1.003080000000000069e+02 5.755295276641845703e+00 3.612098693847656250e+00 1.136591196060180664e+00 4.212245948240388865e-02 4.576107224778887955e-02 -8.953272059079333406e-03 9.980237780701028960e-01
1.005199999999999960e+02 6.529361248016357422e+00 3.221898555755615234e+00 9.678929448127746582e-01 2.857071951962452186e-02 4.139574260938607558e-02 -1.505473262868280981e-01 9.873224443047142751e-01
1.007079999999999984e+02 6.304124355316162109e+00 3.337589263916015625e+00 1.170756101608276367e+00 3.775824718816180731e-02 5.956263706670909819e-02 -1.705962889896408818e-01 9.828140786628465353e-01
1.009090000000000060e+02 6.068920135498046875e+00 3.443352699279785156e+00 1.058928489685058594e+00 3.477699992892911013e-02 4.178037168091943560e-02 -1.726465841070921881e-01 9.834826474393436602e-01
1.011119999999999948e+02 6.138746738433837891e+00 3.320201873779296875e+00 1.039550185203552246e+00 3.055267903920346612e-02 4.446796203359258681e-02 -1.544866622950568646e-01 9.865206563113817495e-01
1.013100000000000023e+02 5.129950523376464844e+00 4.193927764892578125e+00 1.344784259796142578e+00 4.286746890823920492e-02 5.649482955710134063e-02 -9.549146506410824409e-02 9.929008482434817928e-01
1.015000000000000000e+02 4.450531005859375000e+00 4.741850852966308594e+00 1.374123096466064453e+00 5.288444535596750068e-02 4.992174860873302422e-02 3.370027915512283870e-03 9.973463276951927137e-01
1.017079999999999984e+02 4.770837783813476562e+00 4.265779495239257812e+00 1.302379608154296875e+00 5.311324426026906020e-02 4.673612108756688976e-02 9.119486478913967076e-02 9.933167747027771277e-01
1.019030000000000058e+02 5.051637649536132812e+00 4.086614131927490234e+00 1.246382594108581543e+00 5.596847562786749775e-02 4.510474899308758445e-02 1.262904720432615202e-01 9.893855709607117799e-01
1.021119999999999948e+02 5.328496932983398438e+00 4.046103954315185547e+00 1.189223289489746094e+00 5.607110005794400942e-02 3.976622919370923631e-02 1.406811765304104567e-01 9.876656748738537051e-01
1.023160000000000025e+02 5.771131515502929688e+00 4.171552181243896484e+00 1.165666341781616211e+00 5.644986532973182702e-02 4.107864516927468845e-02 1.413327700188649616e-01 9.874973446719269576e-01
1.025130000000000052e+02 6.208720207214355469e+00 4.282188415527343750e+00 1.150319337844848633e+00 5.421220968692954528e-02 4.453257863205557776e-02 1.411831848268183254e-01 9.874944020516757126e-01
1.027219999999999942e+02 6.659452438354492188e+00 4.612053394317626953e+00 1.161660552024841309e+00 6.053662861405580825e-02 4.737229045124218690e-02 1.138737001157095752e-01 9.905170180846991634e-01
1.029099999999999966e+02 6.911019802093505859e+00 4.823176860809326172e+00 1.165338873863220215e+00 6.380159712758490254e-02 4.728867647381716777e-02 1.048177069980125026e-01 9.913154823672445382e-01
1.031159999999999997e+02 7.031218051910400391e+00 5.265842914581298828e+00 1.209421515464782715e+00 5.891647972217928242e-02 4.816279652818875046e-02 6.151452995594267753e-02 9.952010631284664566e-01
1.032999999999999972e+02 7.945106983184814453e+00 4.831161975860595703e+00 1.132663011550903320e+00 4.866069163045170370e-02 4.931380489416185842e-02 -8.310001072301330741e-03 9.975626444585247166e-01
1.035199999999999960e+02 9.115127563476562500e+00 4.518370151519775391e+00 1.009998798370361328e+00 3.684609482081552950e-02 5.311136864561480375e-02 -1.053723902424444497e-01 9.923296867430898560e-01
1.037019999999999982e+02 9.556025505065917969e+00 5.305017948150634766e+00 1.109341740608215332e+00 3.862359438038524828e-02 5.726515124806809409e-02 -2.050832089020360738e-01 9.763041523194085913e-01
1.039069999999999965e+02 9.954266548156738281e+00 5.845617294311523438e+00 1.138804674148559570e+00 3.870207227384246662e-02 5.765014169761197710e-02 -2.773679022912753922e-01 9.582513540520007922e-01
1.041099999999999994e+02 1.008784198760986328e+01 5.950688838958740234e+00 1.178357720375061035e+00 4.065416226716881548e-02 6.260981757646445767e-02 -2.918959058698568088e-01 9.535323958680230749e-01
1.043199999999999932e+02 1.014075279235839844e+01 5.964393615722656250e+00 1.119953155517578125e+00 3.463104866067144572e-02 5.727490471839020297e-02 -2.893102705467461844e-01 9.548925819768055989e-01
1.045019999999999953e+02 1.023512077331542969e+01 5.950134277343750000e+00 1.129989862442016602e+00 3.803688129392994444e-02 6.108790592972769551e-02 -2.926168737420901111e-01 9.535181322932237968e-01
1.047129999999999939e+02 1.047135353088378906e+01 5.876389503479003906e+00 1.065053701400756836e+00 3.573177360353741588e-02 5.540764957623450782e-02 -2.932139631545484515e-01 9.537708343909380160e-01
1.049099999999999966e+02 1.082486534118652344e+01 5.676479339599609375e+00 9.864489436149597168e-01 3.365387754341066240e-02 5.316983864077798327e-02 -2.936541093751391940e-01 9.538383766824967136e-01
1.051050000000000040e+02 1.120660686492919922e+01 5.446272850036621094e+00 9.043642282485961914e-01 2.915751325830406512e-02 5.031005860021907361e-02 -2.943612668650812947e-01 9.539235724070451727e-01
1.052999999999999972e+02 1.155477619171142578e+01 5.223195075988769531e+00 8.355670571327209473e-01 2.199012929160029314e-02 4.423461675972327478e-02 -2.944251956604419518e-01 9.543969494157918954e-01
1.055150000000000006e+02 1.193209648132324219e+01 4.930967807769775391e+00 7.646285295486450195e-01 2.521017721710387335e-02 4.397802703513248312e-02 -2.945714834529660764e-01 9.542840359343220946e-01
1.057049999999999983e+02 1.233998012542724609e+01 4.657365322113037109e+00 7.040290832519531250e-01 3.328758670921663776e-02 3.852260990507293259e-02 -2.953376554328930315e-01 9.540354366482303172e-01
1.059219999999999970e+02 1.272712039947509766e+01 4.318940162658691406e+00 6.509220004081726074e-01 4.180358110854553999e-02 3.993940434657539812e-02 -2.958531386327385437e-01 9.534821576453853531e-01
1.061280000000000001e+02 1.309446525573730469e+01 3.969817399978637695e+00 6.111473441123962402e-01 4.904538900789311151e-02 4.156252396558515055e-02 -2.963332835666990239e-01 9.529185125021200076e-01
1.063110000000000070e+02 1.345658397674560547e+01 3.713370561599731445e+00 5.669587254524230957e-01 5.844975374488398101e-02 3.854019685103531045e-02 -2.969341957658150344e-01 9.523278652327434868e-01
1.065120000000000005e+02 1.384463882446289062e+01 3.443011283874511719e+00 4.900566339492797852e-01 5.828371947829934230e-02 3.638428105047824407e-02 -2.975336633111380635e-01 9.522357435702931694e-01
1.067150000000000034e+02 1.421938133239746094e+01 3.290087461471557617e+00 3.683255910873413086e-01 4.376226188964370267e-02 2.703288230706184930e-02 -2.983791904685221263e-01 9.530603057539559497e-01
1.069000000000000057e+02 1.455204486846923828e+01 2.980027914047241211e+00 3.360892832279205322e-01 5.603568759283755057e-02 2.976412024316480581e-02 -2.979543456644724864e-01 9.524690581650431254e-01
1.071099999999999994e+02 1.494987964630126953e+01 2.692507743835449219e+00 2.736157774925231934e-01 5.674776319653784123e-02 2.577198342505901754e-02 -2.985868550157470547e-01 9.523452033030531672e-01
1.073119999999999976e+02 1.530079174041748047e+01 2.435188770294189453e+00 2.154967784881591797e-01 5.766582934984002679e-02 2.547781145931184502e-02 -2.985148627940388821e-01 9.523205394927146683e-01
1.075049999999999955e+02 1.567618560791015625e+01 2.189926624298095703e+00 1.427458524703979492e-01 5.575726300865425922e-02 2.296307960588858318e-02 -2.994846611288571880e-01 9.521936580052037247e-01
1.077049999999999983e+02 1.606961631774902344e+01 1.920824170112609863e+00 9.872844815254211426e-02 5.651906155166956658e-02 2.242451981799108152e-02 -2.996798120735643667e-01 9.521001768867624060e-01
1.079030000000000058e+02 1.643331718444824219e+01 1.657977581024169922e+00 6.118151918053627014e-02 5.646445894688500999e-02 2.165480291014958841e-02 -2.994933449088611477e-01 9.521799046094493457e-01
1.081050000000000040e+02 1.682769012451171875e+01 1.381997585296630859e+00 1.599746569991111755e-02 5.491378294370945906e-02 2.183712316537297221e-02 -2.996262406436822623e-01 9.522246228765592901e-01
1.083119999999999976e+02 1.723324394226074219e+01 1.104013442993164062e+00 -2.968886867165565491e-02 5.634341317144660188e-02 2.301916109694281121e-02 -2.996999393648053234e-01 9.520900610547916587e-01
1.085100000000000051e+02 1.760085487365722656e+01 8.434252738952636719e-01 -6.384471058845520020e-02 5.703557035539727482e-02 2.165848592148108057e-02 -2.993823366935326469e-01 9.521806919790715140e-01
1.087000000000000028e+02 1.797050476074218750e+01 5.879838466644287109e-01 -1.096237301826477051e-01 5.708861299114886823e-02 2.084735120481556042e-02 -2.994953199047490910e-01 9.521600871542779121e-01
1.089170000000000016e+02 1.839637184143066406e+01 2.922571599483489990e-01 -1.569781899452209473e-01 5.704485977131787400e-02 2.181373377413062253e-02 -2.997824694495392905e-01 9.520506898286654751e-01
1.091009999999999991e+02 1.873276138305664062e+01 5.570733547210693359e-02 -1.879388839006423950e-01 5.701983163282871303e-02 2.379505753608406743e-02 -2.995390920624762532e-01 9.520813339015766763e-01
1.092999999999999972e+02 1.912292289733886719e+01 -2.425561547279357910e-01 -2.182683497667312622e-01 5.887358627915876413e-02 2.055377265231913414e-02 -2.998622289938642216e-01 9.519422707765521352e-01
1.095120000000000005e+02 1.955162811279296875e+01 -5.141899585723876953e-01 -2.679615318775177002e-01 5.827253965282960108e-02 2.117742854967127886e-02 -3.000581430082675527e-01 9.519038493760085817e-01
1.097069999999999936e+02 1.987699127197265625e+01 -7.582016587257385254e-01 -3.068285584449768066e-01 5.793940607216816613e-02 2.024611403594318848e-02 -3.002375350249970043e-01 9.518878834466597549e-01
1.099140000000000015e+02 2.003073120117187500e+01 -9.331480860710144043e-01 -3.364330828189849854e-01 5.831942625493356097e-02 2.259025234474798527e-02 -3.012082875857220454e-01 9.515051720878731079e-01
1.101050000000000040e+02 1.997854423522949219e+01 -1.120021462440490723e+00 -3.634051680564880371e-01 5.882122977475483239e-02 1.923341337399264717e-02 -2.791191156184884559e-01 9.582602245914850769e-01
1.103040000000000020e+02 1.990370750427246094e+01 -1.257625937461853027e+00 -3.786280751228332520e-01 5.932298716902096453e-02 1.859766766109882674e-02 -2.599871447196900887e-01 9.636086314118478269e-01
1.105199999999999960e+02 1.980390548706054688e+01 -1.417055010795593262e+00 -3.977172374725341797e-01 6.070547810573027198e-02 1.767069915444011152e-02 -2.345490160046243833e-01 9.700460558193153560e-01
1.107139999999999986e+02 1.958456039428710938e+01 -1.810040950775146484e+00 -4.540511667728424072e-01 6.054332370389400864e-02 1.069660217941944928e-02 -1.680772618610867630e-01 9.838547264215282695e-01
1.109189999999999969e+02 1.954757118225097656e+01 -1.872482299804687500e+00 -4.637818634510040283e-01 6.145407688342243574e-02 1.498276413530622367e-02 -1.640130135439421544e-01 9.844280799537906690e-01
1.111059999999999945e+02 1.954299545288085938e+01 -1.888745069503784180e+00 -4.677249491214752197e-01 6.128683033322968737e-02 9.548317652884070333e-03 -1.628875401483142471e-01 9.846930503066105844e-01
1.113199999999999932e+02 1.956606483459472656e+01 -1.885117530822753906e+00 -4.648891985416412354e-01 5.969733211805959561e-02 1.431584769702234916e-02 -1.642238455203321734e-01 9.845109514907468551e-01
1.115019999999999953e+02 1.964143562316894531e+01 -1.864306211471557617e+00 -4.628743827342987061e-01 6.014046505282368699e-02 1.052965094162224176e-02 -1.680680140393036870e-01 9.838828149587541816e-01
1.117069999999999936e+02 1.965670204162597656e+01 -1.860959053039550781e+00 -4.644639194011688232e-01 5.825544525228907450e-02 1.246898409487464526e-02 -1.688679147713264828e-01 9.838365996926945467e-01
1.119080000000000013e+02 1.981691932678222656e+01 -1.820448756217956543e+00 -4.569031000137329102e-01 6.221575206402776836e-02 1.184637796781223308e-02 -1.772541962716153718e-01 9.821251516116745739e-01
1.121119999999999948e+02 2.014377593994140625e+01 -1.831465244293212891e+00 -4.621960520744323730e-01 6.190544718832552418e-02 1.136329041750621348e-02 -1.838342577241425246e-01 9.809401393185593898e-01
1.123110000000000070e+02 2.055746269226074219e+01 -1.968454360961914062e+00 -4.852639138698577881e-01 6.108997148050547554e-02 1.040766491549888380e-02 -1.869172039960668719e-01 9.804191219809058611e-01
1.125019999999999953e+02 2.093423461914062500e+01 -2.130135774612426758e+00 -5.244303345680236816e-01 5.873784348370963970e-02 3.065513090449986655e-03 -1.870421207231137140e-01 9.805894724336865487e-01
1.127030000000000030e+02 2.127497673034667969e+01 -2.329885482788085938e+00 -5.587776899337768555e-01 6.461479940869331584e-02 -2.453234734169161546e-03 -1.844268503564192307e-01 9.807169042105496892e-01
1.129150000000000063e+02 2.141930198669433594e+01 -2.687787055969238281e+00 -4.759181439876556396e-01 8.815093106682748980e-02 7.065602982469729523e-03 -1.736843372299139154e-01 9.808227370975608483e-01
1.130999999999999943e+02 2.141950988769531250e+01 -2.717155456542968750e+00 -4.950241446495056152e-01 8.962691722885671175e-02 7.666546946959940795e-03 -1.729227310197151701e-01 9.808190296189428503e-01
1.133149999999999977e+02 2.141947937011718750e+01 -2.715220451354980469e+00 -4.938844442367553711e-01 8.801834633922631101e-02 6.706002597580213581e-03 -1.728837910709336012e-01 9.809785905012458063e-01
1.135030000000000001e+02 2.130144119262695312e+01 -2.695122480392456055e+00 -4.985990822315216064e-01 8.320629121819957119e-02 7.406287912487753006e-03 -1.723988664951739691e-01 9.814787266325483150e-01
1.137079999999999984e+02 2.102796173095703125e+01 -2.562435150146484375e+00 -6.045600175857543945e-01 5.812946202646034760e-02 5.266619280370841288e-04 -1.679108026820090305e-01 9.840867088902335302e-01
1.139140000000000015e+02 2.088352775573730469e+01 -2.629998207092285156e+00 -5.313855409622192383e-01 7.165930561012583133e-02 1.002257286676126388e-02 -1.697335864540801265e-01 9.828300980240889384e-01
1.141119999999999948e+02 2.055110740661621094e+01 -2.501615285873413086e+00 -5.243173837661743164e-01 6.555111759550304174e-02 1.396966266540093649e-02 -1.781845221844895744e-01 9.817118597434180138e-01
1.143070000000000022e+02 2.014270210266113281e+01 -2.274872303009033203e+00 -5.235248804092407227e-01 5.922543263017571863e-02 1.374288853196948407e-02 -1.820218196990167348e-01 9.814130314490555618e-01
1.145120000000000005e+02 1.969842720031738281e+01 -2.103683710098266602e+00 -4.904183745384216309e-01 5.956788609763242343e-02 1.438520180195685533e-02 -1.817330661590931540e-01 9.814366131235328083e-01
1.147009999999999934e+02 1.928665733337402344e+01 -1.960159063339233398e+00 -4.641648530960083008e-01 5.874402674639243177e-02 1.425150271321630469e-02 -1.818279649585391178e-01 9.814706440597550374e-01
1.149180000000000064e+02 1.881570053100585938e+01 -1.773273468017578125e+00 -4.359333217144012451e-01 5.798022097918596740e-02 1.389637615874042380e-02 -1.819112479374945801e-01 9.815057221324198222e-01
1.151080000000000041e+02 1.839351463317871094e+01 -1.616044998168945312e+00 -4.130063951015472412e-01 5.856219630493794681e-02 1.634863589060683159e-02 -1.821114373160926947e-01 9.813962582296333892e-01
1.153050000000000068e+02 1.796283340454101562e+01 -1.456254005432128906e+00 -3.827269971370697021e-01 5.990606142552742236e-02 1.239413061554982612e-02 -1.819737236210650089e-01 9.813986005911409238e-01
1.155169999999999959e+02 1.749372100830078125e+01 -1.270549058914184570e+00 -3.566057682037353516e-01 5.831285236668277278e-02 1.385388236948450341e-02 -1.819131987480020196e-01 9.814862552850264210e-01
1.157109999999999985e+02 1.706634140014648438e+01 -1.103711128234863281e+00 -3.348937332630157471e-01 5.901896832242570917e-02 1.566282260240018862e-02 -1.820169547598103621e-01 9.813976082843524074e-01
1.159090000000000060e+02 1.664061546325683594e+01 -9.501025676727294922e-01 -3.093344867229461670e-01 5.856638333126643059e-02 1.420043161018384736e-02 -1.822204092372476381e-01 9.814092158437222047e-01
1.161140000000000043e+02 1.632652282714843750e+01 -8.782971501350402832e-01 -3.026827871799468994e-01 5.801087392024068673e-02 1.143585612954203454e-02 -1.693846480123681608e-01 9.837747713370782465e-01
1.163269999999999982e+02 1.631762504577636719e+01 -8.709008693695068359e-01 -2.973176538944244385e-01 5.910474587970407367e-02 1.233390903587845526e-02 -1.672145291289937330e-01 9.840700203494461284e-01
1.165169999999999959e+02 1.633593368530273438e+01 -8.061556220054626465e-01 -2.895755171775817871e-01 5.836222026767648452e-02 1.488937491030374767e-02 -1.747667192950980997e-01 9.827658681430873067e-01
1.167120000000000033e+02 1.633502197265625000e+01 -8.009560704231262207e-01 -2.865931689739227295e-01 6.126674915265906823e-02 1.430607993843295914e-02 -1.768793243734498311e-01 9.822196425109062101e-01
1.169020000000000010e+02 1.631488800048828125e+01 -3.149590492248535156e-01 -2.190997749567031860e-01 5.778222502332573673e-02 1.813703198109108475e-02 -2.407990567378407165e-01 9.686836825385450878e-01
1.171039999999999992e+02 1.642728424072265625e+01 3.139347434043884277e-01 -1.336870193481445312e-01 5.544690435118638377e-02 2.292201973072537091e-02 -3.318686854035779454e-01 9.414156348063461577e-01
1.173010000000000019e+02 1.669864654541015625e+01 9.105102419853210449e-01 -5.876334756612777710e-02 5.223707161890402823e-02 3.099157517953358282e-02 -4.312932373565223632e-01 9.001649593419548401e-01
1.175270000000000010e+02 1.686619567871093750e+01 1.289893150329589844e+00 -1.371593028306961060e-02 4.699344917562114227e-02 3.138773316575994843e-02 -4.915016036096621077e-01 8.690411955657936227e-01
1.177159999999999940e+02 1.673551940917968750e+01 1.613942861557006836e+00 3.304788470268249512e-02 4.496947658356732769e-02 3.185677965145404522e-02 -4.950658499228257070e-01 8.671059312484425963e-01
1.179230000000000018e+02 1.649385261535644531e+01 2.053816318511962891e+00 1.012167707085609436e-01 4.555724004521603809e-02 3.210535519589964581e-02 -4.973113280842231254e-01 8.657801262481796822e-01
1.181280000000000001e+02 1.626349258422851562e+01 2.270362854003906250e+00 1.438687741756439209e-01 4.870444393330049249e-02 3.253135461547904811e-02 -4.881393319670537245e-01 8.707982433921124255e-01
1.183139999999999930e+02 1.625680351257324219e+01 2.296755075454711914e+00 1.553981602191925049e-01 5.181215691977590632e-02 3.461415529697933757e-02 -4.909478306408879278e-01 8.689577597544101417e-01
1.185180000000000007e+02 1.629583549499511719e+01 2.201152801513671875e+00 1.409112811088562012e-01 4.669766818023600441e-02 3.425663926860515740e-02 -4.912504524431000608e-01 8.690907912450797079e-01
1.187249999999999943e+02 1.632083511352539062e+01 2.169029951095581055e+00 1.332814097404479980e-01 4.765713574525701213e-02 3.447949480581799508e-02 -4.911562525376819144e-01 8.690831360943752637e-01
1.189219999999999970e+02 1.631891250610351562e+01 2.111333131790161133e+00 1.218182668089866638e-01 4.784762806828122411e-02 3.274071069893053076e-02 -4.898776792385062806e-01 8.698612014195502562e-01
1.191029999999999944e+02 1.636250686645507812e+01 1.960158944129943848e+00 9.908144921064376831e-02 4.849810013910979545e-02 3.345190587046330266e-02 -4.874611523492166087e-01 8.711547102707442036e-01
1.193139999999999930e+02 1.646648216247558594e+01 1.704854607582092285e+00 5.830992385745048523e-02 4.823745103142684787e-02 3.068925255082322751e-02 -4.848548242823823018e-01 8.727239640722388447e-01
1.195100000000000051e+02 1.663991355895996094e+01 1.374114871025085449e+00 9.149786084890365601e-03 4.921807075336032122e-02 3.057720598839986509e-02 -4.829627574510110821e-01 8.737216896132178334e-01
1.197150000000000034e+02 1.687699699401855469e+01 9.580999016761779785e-01 -4.437777027487754822e-02 5.290995584469718183e-02 3.203821061404194676e-02 -4.820519097231049099e-01 8.739565469549787080e-01
1.199120000000000061e+02 1.711410903930664062e+01 5.899230837821960449e-01 -1.040764078497886658e-01 5.160914162132828470e-02 3.051532040027812170e-02 -4.817746510628649892e-01 8.742416698575015133e-01
1.201250000000000000e+02 1.743028259277343750e+01 2.488886117935180664e-01 -1.731856763362884521e-01 4.621669023042006275e-02 2.820993970553514057e-02 -4.899447764307596764e-01 8.700703034204583242e-01
1.203070000000000022e+02 1.772785568237304688e+01 2.944171428680419922e-02 -1.689811944961547852e-01 4.063260593174949226e-02 3.374393095180680535e-02 -4.973125538669406764e-01 8.659622175507751818e-01
1.205109999999999957e+02 1.791279220581054688e+01 -5.878637731075286865e-02 -1.333727538585662842e-01 3.463852640563006013e-02 4.413422797395950142e-02 -5.015199274698841636e-01 8.633250284569485844e-01
1.207000000000000028e+02 1.808486557006835938e+01 -4.366602748632431030e-03 -2.232726216316223145e-01 3.876011232651743049e-02 2.726636520620132412e-02 -5.289050521029692309e-01 8.473568580479143852e-01
1.209069999999999965e+02 1.852672576904296875e+01 4.839126467704772949e-01 -1.747169941663742065e-01 3.567684297283541667e-02 2.172782982970888899e-02 -5.728886542628814915e-01 8.185680509910263636e-01
1.211140000000000043e+02 1.872400665283203125e+01 7.275311946868896484e-01 -1.120862588286399841e-01 3.089883787050676581e-02 2.805036691093233669e-02 -5.820829623641030626e-01 8.120577957632354460e-01
1.213179999999999978e+02 1.873504638671875000e+01 8.816001415252685547e-01 -1.482962369918823242e-01 3.550061555074820324e-02 2.044736211117966634e-02 -5.878624226398656560e-01 8.079228822890215378e-01
1.215109999999999957e+02 1.876689720153808594e+01 8.906677365303039551e-01 -1.320842504501342773e-01 3.316055043113892015e-02 2.138687261845936133e-02 -5.880110076224324134e-01 8.078898653217263526e-01
1.217000000000000028e+02 1.876181602478027344e+01 8.891082406044006348e-01 -1.317885965108871460e-01 3.308747637069553438e-02 2.285422964820816444e-02 -5.877687109618060513e-01 8.080289880374976752e-01
1.219060000000000059e+02 1.868476104736328125e+01 7.457016110420227051e-01 -1.523451954126358032e-01 3.319125062788627623e-02 2.344868496999148733e-02 -5.811878163569917932e-01 8.127540969894440082e-01
1.221179999999999950e+02 1.866366767883300781e+01 7.200447320938110352e-01 -1.545516401529312134e-01 3.527310985361408607e-02 2.220954168387593436e-02 -5.799081120010927126e-01 8.136148509059893952e-01
1.222999999999999972e+02 1.862229537963867188e+01 6.430986523628234863e-01 -1.549424827098846436e-01 3.538350429888988818e-02 2.280558922967767729e-02 -5.758851984355629616e-01 8.164460490113539803e-01
1.225010000000000048e+02 1.847342491149902344e+01 3.601371943950653076e-01 -1.886232346296310425e-01 3.751667239815158206e-02 2.359894471510546807e-02 -5.648404964807834938e-01 8.240089821329893427e-01
1.227090000000000032e+02 1.844744491577148438e+01 -3.498551249504089355e-02 -2.249919772148132324e-01 3.650808282653913994e-02 2.850476932972433736e-02 -5.574401931444056268e-01 8.289240430105266899e-01
1.229080000000000013e+02 1.854902458190917969e+01 -4.358178079128265381e-01 -3.406070470809936523e-01 2.717042209818664247e-02 9.400530665777916128e-03 -5.616476948558458693e-01 8.268768137088635672e-01
1.231179999999999950e+02 1.874372863769531250e+01 -9.658936262130737305e-01 -5.022882223129272461e-01 1.144266612075612449e-02 -1.501823847761091235e-02 -5.688896314856333181e-01 8.221971205819312845e-01
1.233149999999999977e+02 1.928097915649414062e+01 -1.353338837623596191e+00 -5.889956355094909668e-01 -2.235365611597468077e-02 -2.013347365792898108e-02 -5.999616418545340446e-01 7.994629357261823221e-01
1.235090000000000003e+02 2.006957244873046875e+01 -1.788811802864074707e+00 -5.906381607055664062e-01 -2.847218058968057838e-02 -1.524491207133062479e-02 -6.617656595032739286e-01 7.490147792204122634e-01
1.237030000000000030e+02 2.019883918762207031e+01 -9.246181249618530273e-01 -5.861313343048095703e-01 -6.100661908219139756e-02 2.915296843980244579e-03 -7.179180761774184294e-01 6.934430974277459026e-01
1.239050000000000011e+02 2.073666954040527344e+01 -1.139971494674682617e+00 -6.953705549240112305e-01 -5.925232652168287151e-02 2.476228767501881950e-03 -7.613597206689101116e-01 6.456116524938331214e-01
1.241110000000000042e+02 2.077995681762695312e+01 -1.161743164062500000e+00 -8.226640820503234863e-01 -5.835179864528987348e-02 -2.765368622308576538e-02 -7.743665655986380347e-01 6.294336846055387236e-01
1.243050000000000068e+02 2.084441757202148438e+01 -1.303026795387268066e+00 -8.931847810745239258e-01 -6.470357257470001067e-02 -3.458616436896785884e-02 -7.851030918738004516e-01 6.150043740173821716e-01
1.245030000000000001e+02 2.082658386230468750e+01 -1.656611442565917969e+00 -8.844758272171020508e-01 -6.556240957280887183e-02 -3.865652738542753319e-02 -7.917182984247697064e-01 6.061265373508193388e-01
1.247049999999999983e+02 2.083834075927734375e+01 -2.206791400909423828e+00 -9.741208553314208984e-01 -8.094414111770562026e-02 -4.509991598755543063e-02 -7.989814446678734638e-01 5.941739599419263440e-01
1.249090000000000060e+02 2.065317916870117188e+01 -2.878524541854858398e+00 -1.085628747940063477e+00 -1.023761617785509254e-01 -5.589900748171951206e-02 -7.941804398173709645e-01 5.963823031190125246e-01
1.251129999999999995e+02 2.049798774719238281e+01 -3.748267412185668945e+00 -9.114632606506347656e-01 -1.088187702101431620e-01 -4.726886649948133096e-02 -7.939649745112836721e-01 5.962748936179543824e-01
1.253059999999999974e+02 2.023863220214843750e+01 -4.648790359497070312e+00 -6.811333894729614258e-01 -1.042086477969195180e-01 -4.167272557946564288e-02 -7.947881629658355429e-01 5.964190789004896187e-01
1.255049999999999955e+02 2.004054450988769531e+01 -5.781419754028320312e+00 -3.122150897979736328e-01 -7.960300474776142721e-02 -7.256131335402801752e-03 -7.995099800431578752e-01 5.953104249083501776e-01
1.257030000000000030e+02 1.923903083801269531e+01 -5.342031955718994141e+00 -5.707068443298339844e-01 3.362720488941949026e-03 7.276528046293334606e-02 -8.001981637623609700e-01 5.952955608615014826e-01
1.259140000000000015e+02 1.860633087158203125e+01 -7.028450012207031250e+00 4.723018407821655273e-01 5.181004459789893823e-02 7.354328241221209927e-02 -8.076953337334199512e-01 5.826966215416565786e-01
1.261129999999999995e+02 1.850346755981445312e+01 -7.467913627624511719e+00 2.894189953804016113e-01 4.232186489332310370e-02 6.424778140826206685e-02 -8.153595345891229140e-01 5.738204524855109456e-01
1.263190000000000026e+02 1.843018341064453125e+01 -7.485134601593017578e+00 2.365069091320037842e-01 3.632477506357750796e-02 5.843634700309674468e-02 -8.112294145241978338e-01 5.806656017676967707e-01
1.265250000000000057e+02 1.842973518371582031e+01 -7.484559059143066406e+00 2.380044311285018921e-01 3.894837239880655916e-02 5.883553166066245177e-02 -8.111052241124646622e-01 5.806287281207843654e-01
1.267030000000000030e+02 1.843107414245605469e+01 -7.484451293945312500e+00 2.353674918413162231e-01 3.474368204412733863e-02 5.915173874964671508e-02 -8.111658762465768779e-01 5.807786752059973523e-01
1.269110000000000014e+02 1.843044853210449219e+01 -7.484193801879882812e+00 2.371554821729660034e-01 3.594986222583756996e-02 5.902339964340634626e-02 -8.111153857801821632e-01 5.807888399850194006e-01
1.271179999999999950e+02 1.843328666687011719e+01 -7.483863353729248047e+00 2.348658144474029541e-01 3.708162143733668981e-02 6.029800292250889204e-02 -8.109643429444297613e-01 5.807976744683506221e-01
1.273220000000000027e+02 1.843282699584960938e+01 -7.481364727020263672e+00 2.274501174688339233e-01 3.758024050141472311e-02 5.935364057353818834e-02 -8.109912155893064245e-01 5.808253774685658843e-01
1.275010000000000048e+02 1.843019294738769531e+01 -7.481943130493164062e+00 2.331402599811553955e-01 3.719056250768137950e-02 6.070701003720586908e-02 -8.108989998773086239e-01 5.808393349203249123e-01
1.277079999999999984e+02 1.843587684631347656e+01 -7.485267162322998047e+00 2.378649860620498657e-01 3.758887284439606236e-02 5.864172518182210470e-02 -8.110936242652678763e-01 5.807541281663175514e-01
1.279009999999999962e+02 1.843150520324707031e+01 -7.486371994018554688e+00 2.367856949567794800e-01 3.689227454114894778e-02 6.007542316825816714e-02 -8.110031373542703204e-01 5.807786280605251594e-01
1.281160000000000139e+02 1.843096160888671875e+01 -7.481062412261962891e+00 2.307303994894027710e-01 3.883632702983414592e-02 5.910945227364558519e-02 -8.109840462678638007e-01 5.807776588796651485e-01
1.283069999999999879e+02 1.843194007873535156e+01 -7.479744911193847656e+00 2.308477759361267090e-01 3.827953509337041205e-02 6.117302959726912681e-02 -8.107820201059117160e-01 5.808829946864549898e-01
1.285200000000000102e+02 1.843170166015625000e+01 -7.484904766082763672e+00 2.333562821149826050e-01 3.690838111922014469e-02 6.022242365421336813e-02 -8.108518578106935770e-01 5.809735757995520000e-01
1.287150000000000034e+02 1.843120193481445312e+01 -7.483057975769042969e+00 2.337494492530822754e-01 3.847074736783801657e-02 5.814680376806499740e-02 -8.110621099117730770e-01 5.807901554554631973e-01
1.289010000000000105e+02 1.843271064758300781e+01 -7.481637477874755859e+00 2.311398684978485107e-01 3.713067425866713872e-02 5.899198746276483607e-02 -8.110151198028798802e-01 5.808577570243942390e-01
1.291210000000000093e+02 1.843245124816894531e+01 -7.484735012054443359e+00 2.316310107707977295e-01 3.849530212423224462e-02 5.896150596311520303e-02 -8.109103732096293315e-01 5.809182551357336965e-01
1.293019999999999925e+02 1.843106460571289062e+01 -7.488267898559570312e+00 2.370108813047409058e-01 3.796050044684441682e-02 6.036218546491540354e-02 -8.109484253499728013e-01 5.807564535966209807e-01
1.295010000000000048e+02 1.843197631835937500e+01 -7.480669498443603516e+00 2.293272614479064941e-01 3.706341611036352568e-02 5.910960791871808229e-02 -8.110217584723875550e-01 5.808408256332209252e-01
1.297110000000000127e+02 1.843300437927246094e+01 -7.482354640960693359e+00 2.354103028774261475e-01 3.652175031148278961e-02 5.953134619326856669e-02 -8.110409713390078768e-01 5.808052370494617422e-01
1.299079999999999870e+02 1.843337249755859375e+01 -7.479804992675781250e+00 2.307897806167602539e-01 3.939889062902894590e-02 5.987505996577201228e-02 -8.109185745449351002e-01 5.807527615683868438e-01
