8.070499999999999829e+01 1.331569720059633255e-02 -6.210329942405223846e-03 5.472025834023952484e-03 8.920361882362701222e-02 1.120471339704920757e-02 -1.143045242333053232e-03 9.959497287684920819e-01
8.091299999999999670e+01 1.373315602540969849e-02 -5.171936471015214920e-03 3.856792813166975975e-03 8.918945595408914184e-02 1.085562168634517273e-02 -1.135930076328290099e-03 9.959548715113945017e-01
8.110200000000000387e+01 1.146205235272645950e-02 -6.362168584018945694e-03 6.590831559151411057e-03 8.918821177658516064e-02 1.116719220203548670e-02 -1.167919668047868011e-03 9.959515011596030698e-01
8.130100000000000193e+01 9.052369743585586548e-03 -8.280875161290168762e-03 9.528637863695621490e-03 8.913005899793480236e-02 1.112281387164596770e-02 -1.140469790108351216e-03 9.959572354891846890e-01
8.151900000000000546e+01 1.031755469739437103e-02 -6.786410231143236160e-03 6.843830458819866180e-03 8.928446033682031768e-02 1.097197222850193089e-02 -1.156971163460546658e-03 9.959450599232404500e-01
8.171699999999999875e+01 1.383054535835981369e-02 -5.910444539040327072e-03 4.008373711258172989e-03 8.925794524816044184e-02 1.111453499299786679e-02 -1.144837241988358066e-03 9.959458698491878703e-01
8.190399999999999636e+01 1.052292995154857635e-02 -6.702248472720384598e-03 8.108839392662048340e-03 8.912858222500892602e-02 1.123287649812930965e-02 -1.178848891443151419e-03 9.959560877023788672e-01
8.211799999999999500e+01 1.156370062381029129e-02 -7.045867387205362320e-03 8.368676528334617615e-03 8.924828735544297620e-02 1.107839374920156078e-02 -1.130870650015333625e-03 9.959471539833981701e-01
8.230200000000000671e+01 1.100105140358209610e-02 -7.246056105941534042e-03 7.197209168225526810e-03 8.909188423335451246e-02 1.129598004066646733e-02 -1.208388035289025952e-03 9.959586220305679527e-01
8.250199999999999534e+01 1.281372178345918655e-02 -6.326733622699975967e-03 5.482806358486413956e-03 8.921751534579516751e-02 1.101769637384817681e-02 -1.140086810430000026e-03 9.959505738359716309e-01
8.270699999999999363e+01 1.095922477543354034e-02 -7.921662181615829468e-03 7.337933406233787537e-03 8.929178996963785253e-02 1.103057651670850091e-02 -1.158392574550214755e-03 9.959437538096066467e-01
8.290600000000000591e+01 1.286777853965759277e-02 -6.262842100113630295e-03 5.975048523396253586e-03 8.922282208014732652e-02 1.131084770459639746e-02 -1.165647126222119252e-03 9.959467827203595247e-01
8.310500000000000398e+01 1.041887328028678894e-02 -7.555726449936628342e-03 8.268848061561584473e-03 8.932221946407296886e-02 1.115939250634740733e-02 -1.150299134858910957e-03 9.959395995143489611e-01
8.330899999999999750e+01 1.197030860930681229e-02 -6.621214095503091812e-03 6.365357898175716400e-03 8.915105548056129203e-02 1.108409505741529862e-02 -1.174509205990257417e-03 9.959557483500885988e-01
8.351699999999999591e+01 1.196815259754657745e-02 -6.127237342298030853e-03 6.783518008887767792e-03 8.926886508934570030e-02 1.125573194986419570e-02 -1.196233577701522792e-03 9.959432449939910059e-01
8.370900000000000318e+01 1.436171215027570724e-02 -5.936551839113235474e-03 5.374832078814506531e-03 8.909962897500052492e-02 1.117037883805788688e-02 -1.154905374943023802e-03 9.959594092866969062e-01
8.392100000000000648e+01 1.506209652870893478e-02 -5.245327018201351166e-03 4.141754005104303360e-03 8.926218938975362394e-02 1.098154837168782358e-02 -1.105489677666001086e-03 9.959470091492221844e-01
8.411100000000000421e+01 1.382479816675186157e-02 -5.995677784085273743e-03 5.603207275271415710e-03 8.922586309676334981e-02 1.121698343532122159e-02 -1.171250750535514579e-03 9.959475652909287602e-01
8.431100000000000705e+01 1.157194655388593674e-02 -6.432625930756330490e-03 7.832672446966171265e-03 8.923138646250350359e-02 1.119717037307789258e-02 -1.178979741389100857e-03 9.959472842738139597e-01
8.450000000000000000e+01 1.454480458050966263e-02 -5.900048650801181793e-03 4.547616466879844666e-03 8.933363597308704995e-02 1.116669190591340968e-02 -1.135896641701400304e-03 9.959385102577997806e-01
8.470900000000000318e+01 1.287415716797113419e-02 -6.001869216561317444e-03 7.478881627321243286e-03 8.931695334209593939e-02 1.130956985484260664e-02 -1.171530909157906565e-03 9.959383530072095647e-01
8.491700000000000159e+01 1.476461160928010941e-02 -5.758599843829870224e-03 4.548658151179552078e-03 8.934910200280446468e-02 1.100847879629623591e-02 -1.125159748157068557e-03 9.959388964095262642e-01
8.510999999999999943e+01 1.716685853898525238e-02 -4.605636931955814362e-03 2.266046591103076935e-03 8.919644235179366443e-02 1.099598710943944582e-02 -1.143825615336474706e-03 9.959526969702094945e-01
8.530500000000000682e+01 1.049001608043909073e-02 -6.988010834902524948e-03 8.567419834434986115e-03 8.909948349938662249e-02 1.121432558175538934e-02 -1.185207206144582061e-03 9.959588928393418028e-01
8.550600000000000023e+01 1.316468697041273117e-02 -6.134573370218276978e-03 8.157691918313503265e-03 8.917077359703970418e-02 1.115690528593417559e-02 -1.103478587949553377e-03 9.959532513805816611e-01
8.570499999999999829e+01 1.852339208126068115e-01 4.800825715065002441e-01 8.039791882038116455e-02 1.732238317895086754e-01 3.349940475806799378e-03 1.230582281062079092e-01 9.771586127616791462e-01
8.591800000000000637e+01 3.174934685230255127e-01 2.153624296188354492e-01 -3.709775581955909729e-02 1.743586466079870001e-01 -5.512096482770689060e-03 1.677189263689605192e-01 9.702778163407834722e-01
8.612300000000000466e+01 3.906756341457366943e-01 -9.379697591066360474e-02 -7.582899183034896851e-02 1.730872159659386511e-01 -1.055672641499354886e-02 2.129635675047077681e-01 9.615486935731477613e-01
8.630700000000000216e+01 4.841889142990112305e-01 -4.990056157112121582e-01 -7.651399821043014526e-02 1.636317141534476549e-01 -1.262087634523394175e-02 2.732460968205687180e-01 9.478406755229525915e-01
8.651900000000000546e+01 8.456163108348846436e-02 -2.530665099620819092e-01 -7.595868781208992004e-03 1.807886020052973941e-01 -1.681955544549816606e-02 3.466823833803872046e-01 9.202412232633789824e-01
8.670199999999999818e+01 -7.086437940597534180e-02 -1.624119728803634644e-01 1.854166686534881592e-01 1.921432315233619348e-01 -1.241942241999885455e-02 4.163196114220006905e-01 8.885970502268999427e-01
8.690000000000000568e+01 9.309363365173339844e-02 -5.359547138214111328e-01 2.109286040067672729e-01 1.768346676946167262e-01 -3.259305271147695804e-02 4.648669790295995030e-01 8.669289965298052625e-01
8.712199999999999989e+01 -1.424971967935562134e-01 -1.875037997961044312e-01 4.404879808425903320e-01 2.380789050065852952e-01 -4.593702789429508770e-02 5.388092610261362436e-01 8.067792787941278077e-01
8.731100000000000705e+01 1.438137292861938477e-01 -1.928330212831497192e-01 5.312643051147460938e-01 2.405827956541902179e-01 -2.526822112641657903e-02 5.442602477304564479e-01 8.032821535280756375e-01
8.752599999999999625e+01 5.016572400927543640e-02 -9.729366004467010498e-02 4.395635128021240234e-01 2.362179705384880313e-01 -4.859825972992012910e-02 5.491167669594794187e-01 8.001937614039926761e-01
8.770000000000000284e+01 2.160726636648178101e-01 -8.528210222721099854e-02 5.081590414047241211e-01 2.433910983948697204e-01 -3.134566521958295771e-02 5.565015162086136558e-01 7.937784860725281000e-01
8.790200000000000102e+01 1.846070528030395508e+00 -1.613515019416809082e+00 -3.050936460494995117e-01 1.292907533077281845e-01 -5.786514309081774998e-02 5.243368532629187895e-01 8.396465867461975208e-01
8.811400000000000432e+01 2.165234804153442383e+00 -1.245989561080932617e+00 -3.225727081298828125e-01 1.411564768535273906e-01 -5.692577109102166244e-02 5.363698915343971807e-01 8.301455565642515966e-01
8.831399999999999295e+01 2.418418169021606445e+00 -8.523754477500915527e-01 -2.416370362043380737e-01 1.451414123905409859e-01 -5.463813430572807966e-02 5.395407838525391186e-01 8.275532534215884750e-01
8.850400000000000489e+01 3.931851148605346680e+00 -1.727519631385803223e+00 -6.765951514244079590e-01 1.445858791015970368e-01 -6.182722897388866212e-02 5.424817882781968192e-01 8.252186538780605929e-01
8.872299999999999898e+01 4.455229759216308594e+00 -2.167976379394531250e+00 -5.303151607513427734e-01 1.147424428471273683e-01 -3.517244454545217364e-02 5.256448702600370337e-01 8.421962605731989626e-01
8.891899999999999693e+01 5.067811489105224609e+00 -1.890030145645141602e+00 -4.365667402744293213e-01 1.254535278225847872e-01 -4.184107206431682963e-02 5.391791060308616101e-01 8.317431266112979005e-01
8.911499999999999488e+01 5.398952960968017578e+00 -1.369175791740417480e+00 -2.955893874168395996e-01 1.215038754926190401e-01 -3.454209542762057966e-02 5.400874779912319124e-01 8.320752177542688477e-01
8.932299999999999329e+01 5.439508438110351562e+00 -9.746424555778503418e-01 -2.325042895972728729e-02 1.196872801162836286e-01 -1.934454639860795633e-02 5.427498316123570143e-01 8.310976860681038580e-01
8.952599999999999625e+01 6.358957767486572266e+00 -1.564031839370727539e+00 -6.302568316459655762e-02 1.119389580880775781e-01 -1.646580356263983164e-02 5.399572058134837205e-01 8.340532134494103023e-01
8.970699999999999363e+01 6.553024291992187500e+00 -1.081666350364685059e+00 6.873302906751632690e-02 1.095553990266243671e-01 -1.281056297544764383e-02 5.405850339688671458e-01 8.340271728602419721e-01
8.992000000000000171e+01 6.767794132232666016e+00 -6.318964958190917969e-01 2.330304682254791260e-01 9.887892140163880017e-02 -1.934319223567355917e-03 5.423519301145998117e-01 8.343102547689066339e-01
9.010200000000000387e+01 6.930372714996337891e+00 -2.414834201335906982e-01 3.168728649616241455e-01 9.737350702428618221e-02 2.757583784416747785e-04 5.424799996841631611e-01 8.344062404067806860e-01
9.030400000000000205e+01 7.143338203430175781e+00 2.566609382629394531e-01 3.889014422893524170e-01 9.480924069140800325e-02 2.017144442976535890e-03 5.426507221968914774e-01 8.345881215947221765e-01
9.050000000000000000e+01 7.340022563934326172e+00 7.085669040679931641e-01 4.485522210597991943e-01 9.265307325669155936e-02 3.577551206418179419e-03 5.429645686117652303e-01 8.346209237586218466e-01
9.071299999999999386e+01 7.533470630645751953e+00 1.188248872756958008e+00 5.551509261131286621e-01 8.716453502013341015e-02 6.989921418173249135e-03 5.436746372506872094e-01 8.347283232547133558e-01
9.090399999999999636e+01 7.709475517272949219e+00 1.605623483657836914e+00 6.073197722434997559e-01 8.501002914116347065e-02 8.517434193214962201e-03 5.439716085603818474e-01 8.347428570167063633e-01
9.110299999999999443e+01 7.898044109344482422e+00 2.029026508331298828e+00 6.383445858955383301e-01 8.555820479824752245e-02 8.301683429420940452e-03 5.441788688120104966e-01 8.345539134066889408e-01
9.131799999999999784e+01 8.046584129333496094e+00 2.524121046066284180e+00 7.611739635467529297e-01 7.672340580840078528e-02 1.046343081010162740e-02 5.451464200441159536e-01 8.347571001973723703e-01
9.151099999999999568e+01 8.272774696350097656e+00 2.878404617309570312e+00 7.273302078247070312e-01 8.633022362825786000e-02 8.210915912128448346e-03 5.441464101494544181e-01 8.344964695369541108e-01
9.170600000000000307e+01 8.493124961853027344e+00 3.112286806106567383e+00 7.538846135139465332e-01 9.626933923989823561e-02 1.001355858451068864e-02 5.414616595548998879e-01 8.351354466185957337e-01
9.190699999999999648e+01 8.627569198608398438e+00 3.273206472396850586e+00 7.675670385360717773e-01 9.552212696682506332e-02 1.169867096776626425e-02 5.373453397296595879e-01 8.378535971326604992e-01
9.211799999999999500e+01 8.515048980712890625e+00 3.254252910614013672e+00 8.009775280952453613e-01 9.468704715031597829e-02 1.419656821003485031e-02 5.143874657942387740e-01 8.521961954777742543e-01
9.231399999999999295e+01 8.195526123046875000e+00 3.139756917953491211e+00 7.696806788444519043e-01 8.753271807931381487e-02 1.348559738094117638e-02 4.716288577790325731e-01 8.773382371918891920e-01
9.251099999999999568e+01 7.815111637115478516e+00 3.180098295211791992e+00 8.156512975692749023e-01 8.651744662671183306e-02 1.876554817154676633e-02 4.112431819117975396e-01 9.072164190324574218e-01
9.271200000000000330e+01 7.585317134857177734e+00 3.239573478698730469e+00 8.535342812538146973e-01 8.293011556152726782e-02 2.358799247995720799e-02 3.676747512894417702e-01 9.259489617727124644e-01
9.290900000000000603e+01 7.572986602783203125e+00 3.289404869079589844e+00 8.632930517196655273e-01 8.238286557727707293e-02 2.445778044971320259e-02 3.592605465930488462e-01 9.292721560965946370e-01
9.311499999999999488e+01 7.636954784393310547e+00 3.369056940078735352e+00 8.664966821670532227e-01 8.199350136335617489e-02 2.361449376750049053e-02 3.586543449595617217e-01 9.295625219746704859e-01
9.330200000000000671e+01 7.665712833404541016e+00 3.414249420166015625e+00 8.719338178634643555e-01 8.158543959413785962e-02 2.445549860240572512e-02 3.581453500400945122e-01 9.297729039281565910e-01
9.350199999999999534e+01 7.821733474731445312e+00 3.574623584747314453e+00 8.828320503234863281e-01 8.228146961845621277e-02 2.425055620335328510e-02 3.578421347198126323e-01 9.298336823864914447e-01
9.371399999999999864e+01 8.159331321716308594e+00 3.864706993103027344e+00 8.877734541893005371e-01 8.520449646998883020e-02 2.276525352287314674e-02 3.577202871955080243e-01 9.296548462424634174e-01
9.391400000000000148e+01 8.500780105590820312e+00 4.181809902191162109e+00 8.794301748275756836e-01 8.638425286768337819e-02 1.693277462264778516e-02 3.569413231703025269e-01 9.299698564004665879e-01
9.410500000000000398e+01 8.799132347106933594e+00 4.454231262207031250e+00 8.684676885604858398e-01 8.615930422636752795e-02 1.358529025959103603e-02 3.562803092200698130e-01 9.302990677442616319e-01
9.431799999999999784e+01 9.158611297607421875e+00 4.790812492370605469e+00 8.684748411178588867e-01 8.547593460264565901e-02 9.870125823320918812e-03 3.558226405682216043e-01 9.305840605120496711e-01
9.451500000000000057e+01 9.498774528503417969e+00 5.119742393493652344e+00 8.562282919883728027e-01 8.424459190794481023e-02 4.503879058539408259e-03 3.552739655396901508e-01 9.309473525486783307e-01
9.470099999999999341e+01 9.791042327880859375e+00 5.393661022186279297e+00 8.454024791717529297e-01 8.479668472510233646e-02 3.040563731769134470e-04 3.551509522301617983e-01 9.309550101585806203e-01
9.491200000000000614e+01 1.015396595001220703e+01 5.705549240112304688e+00 8.604802489280700684e-01 8.663030411038719070e-02 -2.851988621726472134e-03 3.547383902549635093e-01 9.309391661381322125e-01
9.512500000000000000e+01 1.052359294891357422e+01 6.021996498107910156e+00 8.724775314331054688e-01 8.761817179632269692e-02 -5.187240086946594969e-03 3.545216729195647676e-01 9.309191865794063103e-01
9.531199999999999761e+01 1.082725906372070312e+01 6.287492752075195312e+00 8.935480117797851562e-01 9.152058714851366017e-02 -7.260530593263717081e-03 3.544774768983036117e-01 9.305466056008738773e-01
9.551999999999999602e+01 1.117814636230468750e+01 6.590953826904296875e+00 8.974252343177795410e-01 9.501474478988958250e-02 -1.088173600107913974e-02 3.541219109727307135e-01 9.302964356930194523e-01
9.570900000000000318e+01 1.147981166839599609e+01 6.863434314727783203e+00 9.539389610290527344e-01 8.713656219877813358e-02 -9.744730367146396677e-03 3.552431790826052205e-01 9.306527512845669259e-01
9.590500000000000114e+01 1.161245059967041016e+01 6.956277370452880859e+00 9.403259158134460449e-01 9.020595989669213943e-02 -1.202728209723626443e-02 3.550209388598946081e-01 9.304183802223109367e-01
9.610299999999999443e+01 1.163391494750976562e+01 6.969614982604980469e+00 9.390053749084472656e-01 9.051580458485768144e-02 -1.233893413345567985e-02 3.550003497816892617e-01 9.303920633150759567e-01
9.631900000000000261e+01 1.147342681884765625e+01 6.988552093505859375e+00 9.618851542472839355e-01 8.875395544505436385e-02 -1.022794331041973828e-02 3.409216535726372621e-01 9.358368184110917865e-01
9.651300000000000523e+01 1.119475936889648438e+01 6.855484008789062500e+00 9.852082133293151855e-01 8.404054832939886199e-02 -5.390676210066329410e-03 3.311995582052920106e-01 9.397951795423892252e-01
9.671399999999999864e+01 1.105011558532714844e+01 6.647820472717285156e+00 9.077602624893188477e-01 9.462868339656967109e-02 -8.561428469811258740e-03 3.315766599976735507e-01 9.386314680245784192e-01
9.690699999999999648e+01 1.081716346740722656e+01 6.556499004364013672e+00 1.010908842086791992e+00 7.572176162082216999e-02 1.830310573632500798e-03 3.334758262453903499e-01 9.397109864688172332e-01
9.711100000000000421e+01 1.045949459075927734e+01 6.222590923309326172e+00 9.466954469680786133e-01 8.299484948141494511e-02 7.224283048034921273e-04 3.332051883482344268e-01 9.391941415462083942e-01
9.731799999999999784e+01 1.009414672851562500e+01 5.876956462860107422e+00 8.760955929756164551e-01 8.832557974193792905e-02 -1.245896973628139726e-03 3.330237608292473395e-01 9.387716519085597122e-01
9.751000000000000512e+01 9.748683929443359375e+00 5.599024772644042969e+00 8.666467666625976562e-01 8.661028034422017796e-02 1.589559349738780408e-03 3.331460092234720394e-01 9.388875700413992220e-01
9.772299999999999898e+01 9.378178596496582031e+00 5.304716110229492188e+00 8.835126757621765137e-01 8.479857427640465073e-02 6.719418584591827642e-03 3.329590304264155032e-01 9.390965526888462866e-01
9.791200000000000614e+01 9.073475837707519531e+00 5.040569305419921875e+00 8.771682381629943848e-01 8.593317954175329343e-02 1.079267726972054156e-02 3.324224521167628010e-01 9.391455265824754095e-01
9.810299999999999443e+01 8.747491836547851562e+00 4.757053375244140625e+00 9.053390622138977051e-01 8.774322275848685238e-02 1.694063717997516816e-02 3.333397428022690234e-01 9.385620690931464338e-01
9.830599999999999739e+01 8.401266098022460938e+00 4.456858634948730469e+00 9.217303395271301270e-01 8.781287144043743720e-02 2.156130615841725731e-02 3.335376138378920996e-01 9.383904676846698267e-01
9.851099999999999568e+01 8.085926055908203125e+00 4.204936504364013672e+00 9.166752696037292480e-01 8.617346148964633024e-02 2.278708949723107918e-02 3.335915340091901160e-01 9.384943108642336274e-01
9.870000000000000284e+01 7.922637462615966797e+00 4.076547145843505859e+00 9.271429777145385742e-01 8.558589824630608023e-02 2.437695573337562635e-02 3.337180455652694611e-01 9.384631501101377005e-01
9.891299999999999670e+01 7.796799182891845703e+00 4.013077735900878906e+00 9.213816523551940918e-01 8.388702975407755225e-02 2.236758122599589310e-02 3.297631624822089380e-01 9.400632501161128030e-01
9.910599999999999454e+01 7.813594818115234375e+00 3.994791269302368164e+00 9.389428496360778809e-01 8.531783697241494824e-02 2.700047131055407015e-02 3.288090958276352338e-01 9.401470202815990218e-01
9.930299999999999727e+01 7.458251476287841797e+00 4.036596298217773438e+00 9.962841868400573730e-01 8.467745282632123394e-02 3.181395658358893846e-02 2.921967411838256035e-01 9.520707250991893300e-01
9.952400000000000091e+01 7.033758163452148438e+00 4.033397197723388672e+00 1.026657938957214355e+00 7.651709922520670559e-02 3.424147563561599078e-02 2.568996566737787313e-01 9.627955241240738760e-01
9.970399999999999352e+01 6.588410377502441406e+00 3.950335264205932617e+00 1.058586955070495605e+00 7.206978845905269437e-02 3.677840559703320078e-02 2.270863852690487295e-01 9.705076342299656655e-01
9.990000000000000568e+01 6.019001007080078125e+00 3.954591512680053711e+00 1.112719893455505371e+00 6.855376924906449176e-02 3.918796633971196458e-02 1.799667051099802795e-01 9.804981739237258465e-01
1.001039999999999992e+02 5.484665870666503906e+00 4.155048370361328125e+00 1.219753980636596680e+00 6.779056119494854260e-02 4.719772212341983436e-02 1.040355046461955008e-01 9.911374418375312745e-01
1.003080000000000069e+02 5.755559444427490234e+00 3.611795186996459961e+00 1.135827183723449707e+00 5.108091719713676870e-02 4.620334302901151630e-02 -9.379875438203361809e-03 9.975810788742970336e-01
1.005199999999999960e+02 6.529638767242431641e+00 3.221613168716430664e+00 9.671562314033508301e-01 3.563111047807666909e-02 4.292315300022012808e-02 -1.508685636639469085e-01 9.869785729186811851e-01
1.007079999999999984e+02 6.304391384124755859e+00 3.337296962738037109e+00 1.170011162757873535e+00 4.599790497171605402e-02 6.112972658647491953e-02 -1.711179626042517166e-01 9.822759246463520499e-01
1.009090000000000060e+02 6.069190025329589844e+00 3.443057060241699219e+00 1.058175325393676758e+00 4.369548112464474721e-02 4.355489354374980637e-02 -1.730725242035477396e-01 9.829748610943673803e-01
1.011119999999999948e+02 6.139019966125488281e+00 3.319908380508422852e+00 1.038798332214355469e+00 3.643012437006164228e-02 4.376036131422155612e-02 -1.547411301781764503e-01 9.863128608343354475e-01
1.013100000000000023e+02 5.131475925445556641e+00 4.194551467895507812e+00 1.346308588981628418e+00 5.077945598885098832e-02 5.780100813860512832e-02 -9.601715233113181092e-02 9.924017315411423068e-01
1.015000000000000000e+02 4.452065467834472656e+00 4.742482185363769531e+00 1.375683903694152832e+00 5.958471321464226672e-02 4.981492629007136519e-02 3.035440720973277967e-03 9.969748849241253374e-01
1.017079999999999984e+02 4.772640228271484375e+00 4.266101837158203125e+00 1.303614497184753418e+00 6.386463796454960873e-02 4.690095018814746664e-02 9.074978859984952906e-02 9.927165178227812525e-01
1.019030000000000058e+02 5.053437709808349609e+00 4.086938381195068359e+00 1.247606158256530762e+00 6.456417529998184635e-02 4.422248335265307334e-02 1.260551833641518071e-01 9.889317114851698953e-01
1.021119999999999948e+02 5.330293655395507812e+00 4.046429634094238281e+00 1.190432667732238770e+00 6.412521328731078663e-02 4.068301817438060158e-02 1.403742428595762815e-01 9.871818074674394428e-01
1.023160000000000025e+02 5.772924900054931641e+00 4.171880245208740234e+00 1.166848301887512207e+00 6.406391591333426838e-02 4.099133626702917976e-02 1.411085592738285932e-01 9.870683357947193093e-01
1.025130000000000052e+02 6.210510730743408203e+00 4.282519340515136719e+00 1.151474595069885254e+00 6.511908164455421089e-02 4.266810987357458340e-02 1.409639386538591166e-01 9.869488870274779613e-01
1.027219999999999942e+02 6.661240100860595703e+00 4.612387180328369141e+00 1.162783384323120117e+00 6.962285190130307333e-02 4.706223650254966889e-02 1.135522690717371969e-01 9.899715584688112413e-01
1.029099999999999966e+02 6.913396358489990234e+00 4.823994159698486328e+00 1.166414976119995117e+00 7.108999055930351196e-02 4.798682766830292268e-02 1.044698633722947051e-01 9.908226507602584388e-01
1.031159999999999997e+02 7.033599853515625000e+00 5.266659259796142578e+00 1.210484147071838379e+00 6.764117746977345302e-02 4.868986657801901291e-02 6.108712812413749638e-02 9.946468372144268155e-01
1.032999999999999972e+02 7.947480678558349609e+00 4.831972599029541016e+00 1.133686184883117676e+00 5.735524407709213790e-02 4.962767426964660028e-02 -8.765478988646236216e-03 9.970810580396873846e-01
1.035199999999999960e+02 9.117490768432617188e+00 4.519172191619873047e+00 1.010967612266540527e+00 4.345428089095936669e-02 5.259995661470352052e-02 -1.057331693303870668e-01 9.920511412924903905e-01
1.037019999999999982e+02 9.558397293090820312e+00 5.305816650390625000e+00 1.110275030136108398e+00 4.597247753361536488e-02 6.044507361331576817e-02 -2.055459919852782313e-01 9.756965560890793476e-01
1.039069999999999965e+02 9.956642150878906250e+00 5.846412181854248047e+00 1.139708757400512695e+00 4.393357585310429803e-02 6.255752082395878155e-02 -2.776138432273417278e-01 9.576465692256533879e-01
1.041099999999999994e+02 1.009021949768066406e+01 5.951482772827148438e+00 1.179253101348876953e+00 4.711477134396034605e-02 6.407102172041354016e-02 -2.922712195459362672e-01 9.530228941227171235e-01
1.043199999999999932e+02 1.014312744140625000e+01 5.965186595916748047e+00 1.120845794677734375e+00 4.165853071290376991e-02 5.951748151282887367e-02 -2.896696384955472769e-01 9.543656200571513093e-01
1.045019999999999953e+02 1.023749637603759766e+01 5.950926303863525391e+00 1.130877733230590820e+00 4.399556787879620179e-02 6.196037028160403942e-02 -2.929574798061664875e-01 9.531008433252003975e-01
1.047129999999999939e+02 1.047151184082031250e+01 5.876714229583740234e+00 1.066080927848815918e+00 4.134471778633821287e-02 5.830824973022635804e-02 -2.934957367300407571e-01 9.532843305362027619e-01
1.049099999999999966e+02 1.082500839233398438e+01 5.676787853240966797e+00 9.874522686004638672e-01 3.910356519748958704e-02 5.533972217134964372e-02 -2.939252359939755754e-01 9.534235061003737410e-01
1.051050000000000040e+02 1.120673274993896484e+01 5.446564197540283203e+00 9.053419232368469238e-01 3.497777009079387767e-02 5.073320081431053480e-02 -2.946556027551028856e-01 9.536145834138849420e-01
1.052999999999999972e+02 1.155488872528076172e+01 5.223469734191894531e+00 8.365218043327331543e-01 3.108222644153455644e-02 4.639222712828953987e-02 -2.947965176777646024e-01 9.539269729002202158e-01
1.055150000000000006e+02 1.193219184875488281e+01 4.931226253509521484e+00 7.655595541000366211e-01 3.241649794458234535e-02 4.401013927991993119e-02 -2.948950902712029198e-01 9.539649700253726161e-01
1.057049999999999983e+02 1.234005928039550781e+01 4.657605648040771484e+00 7.049334049224853516e-01 4.098207593636180035e-02 4.154557506591258914e-02 -2.956615871534268303e-01 9.535086053761160363e-01
1.059219999999999970e+02 1.272718238830566406e+01 4.319163799285888672e+00 6.518027782440185547e-01 4.818342704373960311e-02 4.190450429940945076e-02 -2.961555008468950700e-01 9.530027750200237291e-01
1.061280000000000001e+02 1.309451007843017578e+01 3.970026493072509766e+00 6.120066046714782715e-01 5.479032872753147876e-02 4.202269380465586263e-02 -2.966221141765980063e-01 9.524953724111915321e-01
1.063110000000000070e+02 1.345661354064941406e+01 3.713564634323120117e+00 5.677945613861083984e-01 6.638074185948805717e-02 4.183776457357672729e-02 -2.973834413032832580e-01 9.515283954797598698e-01
1.065120000000000005e+02 1.384464931488037109e+01 3.443187713623046875e+00 4.908672869205474854e-01 6.432670744751579905e-02 3.875999742581736490e-02 -2.978676278055289450e-01 9.516483665798092240e-01
1.067150000000000034e+02 1.421937465667724609e+01 3.290246486663818359e+00 3.691095709800720215e-01 4.967690325450890843e-02 2.945735725804161931e-02 -2.986323786707272832e-01 9.526191116054083530e-01
1.069000000000000057e+02 1.455202293395996094e+01 2.980172395706176758e+00 3.368534743785858154e-01 5.984189814538785207e-02 3.126738022529425981e-02 -2.981529960576160265e-01 9.521271391479559920e-01
1.071099999999999994e+02 1.494983863830566406e+01 2.692635059356689453e+00 2.743544578552246094e-01 6.286290781119727167e-02 2.961197429912382217e-02 -2.989244574221785467e-01 9.517434289526170987e-01
1.073119999999999976e+02 1.530073547363281250e+01 2.435301303863525391e+00 2.162130624055862427e-01 6.273134702694140030e-02 2.778219339488225553e-02 -2.987764061555138184e-01 9.518537634296301286e-01
1.075049999999999955e+02 1.567611312866210938e+01 2.190022945404052734e+00 1.434375196695327759e-01 6.147521126212666942e-02 2.504079052241192302e-02 -2.997512115823938172e-01 9.517052949128612660e-01
1.077049999999999983e+02 1.606952667236328125e+01 1.920904278755187988e+00 9.939450770616531372e-02 6.342400666302486223e-02 2.467091508224401528e-02 -2.999933876356598028e-01 9.515107507026361322e-01
1.079030000000000058e+02 1.643321228027343750e+01 1.658044099807739258e+00 6.182440370321273804e-02 6.292603174333456784e-02 2.464368286195189189e-02 -2.998103476842975401e-01 9.516022062003939297e-01
1.081050000000000040e+02 1.682756996154785156e+01 1.382048368453979492e+00 1.661488972604274750e-02 6.271193234779330605e-02 2.443824145446611695e-02 -2.999729690492312084e-01 9.515703882191838270e-01
1.083119999999999976e+02 1.723310852050781250e+01 1.104047298431396484e+00 -2.909786067903041840e-02 6.289082078512207852e-02 2.434616912776986497e-02 -2.999760729437636053e-01 9.515599636234248759e-01
1.085100000000000051e+02 1.760070419311523438e+01 8.434435725212097168e-01 -6.327749788761138916e-02 6.288622163114143682e-02 2.461324565170251721e-02 -2.996793114637735234e-01 9.516468996156329796e-01
1.087000000000000028e+02 1.797033882141113281e+01 5.879863500595092773e-01 -1.090805903077125549e-01 6.287294202850628178e-02 2.438247835219027604e-02 -2.998054044048965583e-01 9.516140012629602518e-01
1.089170000000000016e+02 1.839619064331054688e+01 2.922428548336029053e-01 -1.564625799655914307e-01 6.279654981313220752e-02 2.455049916751051928e-02 -3.000699960197839022e-01 9.515313257118127588e-01
1.091009999999999991e+02 1.873256683349609375e+01 5.567917600274085999e-02 -1.874450594186782837e-01 6.298937125505338352e-02 2.509862722992457079e-02 -2.997991599859209377e-01 9.515896498448280783e-01
1.092999999999999972e+02 1.912271308898925781e+01 -2.425996065139770508e-01 -2.177991569042205811e-01 6.459838716745476550e-02 2.450759286594179909e-02 -3.001898458738433972e-01 9.513739972805221878e-01
1.095120000000000005e+02 1.955140304565429688e+01 -5.142517685890197754e-01 -2.675208747386932373e-01 6.400388895002633027e-02 2.363990419882327013e-02 -3.003395239452971710e-01 9.513888939256414101e-01
1.097069999999999936e+02 1.987675094604492188e+01 -7.582769989967346191e-01 -3.064085841178894043e-01 6.410747398976725242e-02 2.394353546146801154e-02 -3.005679532280228772e-01 9.513021835255996983e-01
1.099140000000000015e+02 2.003048324584960938e+01 -9.332308173179626465e-01 -3.360214829444885254e-01 6.410755015816937963e-02 2.451687522815081469e-02 -3.014791620625594248e-01 9.509991901593933816e-01
1.101050000000000040e+02 1.997828674316406250e+01 -1.120102047920227051e+00 -3.629845678806304932e-01 6.507385442265760378e-02 2.272937697189646167e-02 -2.794579841767287354e-01 9.576805333580334922e-01
1.103040000000000020e+02 1.990344238281250000e+01 -1.257702589035034180e+00 -3.781977593898773193e-01 6.569365745400347623e-02 2.147862287984710766e-02 -2.603143249009260973e-01 9.630469689381075948e-01
1.105199999999999960e+02 1.980363464355468750e+01 -1.417127728462219238e+00 -3.972747325897216797e-01 6.630859374608033541e-02 1.951956270774538732e-02 -2.348148255148361507e-01 9.695793700288558581e-01
1.107139999999999986e+02 1.958427047729492188e+01 -1.810104370117187500e+00 -4.535807371139526367e-01 6.752334456141943775e-02 1.342923256593593802e-02 -1.683955341789369342e-01 9.833123601991995422e-01
1.109189999999999969e+02 1.954727935791015625e+01 -1.872544288635253906e+00 -4.633068144321441650e-01 6.752210907957290065e-02 1.309625857474500110e-02 -1.640740711826695619e-01 9.840472305546791310e-01
1.111059999999999945e+02 1.954270362854003906e+01 -1.888806939125061035e+00 -4.672491252422332764e-01 6.733750460513764080e-02 1.266300781335792484e-02 -1.632033982551647500e-01 9.842103227992673453e-01
1.113199999999999932e+02 1.956577491760253906e+01 -1.885180354118347168e+00 -4.644154012203216553e-01 6.734108911136221787e-02 1.313631098200528959e-02 -1.643569542146297580e-01 9.840118935522933485e-01
1.115019999999999953e+02 1.964114761352539062e+01 -1.864372491836547852e+00 -4.624073803424835205e-01 6.758083000069772805e-02 1.322427299967991396e-02 -1.683924154976839949e-01 9.833117229154252348e-01
1.117069999999999936e+02 1.965641403198242188e+01 -1.861026525497436523e+00 -4.639983177185058594e-01 6.732781657461502089e-02 1.367721458281289867e-02 -1.691540947813292839e-01 9.831921435483808036e-01
1.119080000000000013e+02 1.981663322448730469e+01 -1.820522665977478027e+00 -4.564517140388488770e-01 6.760542318394233141e-02 1.461767808758525529e-02 -1.775476063886757272e-01 9.816785001766614727e-01
1.121119999999999948e+02 2.014348793029785156e+01 -1.831552743911743164e+00 -4.617713093757629395e-01 6.732844865355799846e-02 1.357630208935490732e-02 -1.840949957091761735e-01 9.805057861013988241e-01
1.123110000000000070e+02 2.055716514587402344e+01 -1.968558311462402344e+00 -4.848696887493133545e-01 6.745056188851591972e-02 1.140426957025146570e-02 -1.871264285232289437e-01 9.799510518819974925e-01
1.125019999999999953e+02 2.093392562866210938e+01 -2.130255699157714844e+00 -5.240630507469177246e-01 6.754780529685179558e-02 5.146309488605832830e-03 -1.873093016194555538e-01 9.799622620412776763e-01
1.127030000000000030e+02 2.127465629577636719e+01 -2.330019950866699219e+00 -5.584335327148437500e-01 7.181882066745833015e-02 -1.635645384493697105e-03 -1.845712064798857022e-01 9.801902118470021685e-01
1.129150000000000063e+02 2.141897392272949219e+01 -2.687923908233642578e+00 -4.755772352218627930e-01 9.443810789716045040e-02 1.041132190157588802e-02 -1.741210143136372457e-01 9.801300528641370136e-01
1.130999999999999943e+02 2.141917991638183594e+01 -2.717293977737426758e+00 -4.946827292442321777e-01 9.431864862293093399e-02 9.731515170585965102e-03 -1.732209723307622795e-01 9.803080051081975999e-01
1.133149999999999977e+02 2.141914749145507812e+01 -2.715358495712280273e+00 -4.935430288314819336e-01 9.419189113278671199e-02 9.640602888917791657e-03 -1.732814909929833724e-01 9.803103953850617058e-01
1.135030000000000001e+02 2.130110931396484375e+01 -2.695255279541015625e+00 -4.982483685016632080e-01 9.050211486447126696e-02 8.968343894715822412e-03 -1.726995976433477187e-01 9.807669371398436420e-01
1.137079999999999984e+02 2.102762413024902344e+01 -2.562559127807617188e+00 -6.041896343231201172e-01 6.340969455753361905e-02 3.985494521266449292e-04 -1.679778089176016675e-01 9.837492096595027435e-01
1.139140000000000015e+02 2.088319396972656250e+01 -2.630113124847412109e+00 -5.310016870498657227e-01 7.761578474205053924e-02 1.108367199423488172e-02 -1.699535923007166049e-01 9.823282132963918611e-01
1.141119999999999948e+02 2.055077934265136719e+01 -2.501716613769531250e+00 -5.239093899726867676e-01 7.129362566354820185e-02 1.549401042054620453e-02 -1.784352046407024495e-01 9.812431056194302892e-01
1.143070000000000022e+02 2.014238357543945312e+01 -2.274957418441772461e+00 -5.230888724327087402e-01 6.579022715081828121e-02 1.485144476753738965e-02 -1.822554016717437830e-01 9.809352930551696881e-01
1.145120000000000005e+02 1.969812202453613281e+01 -2.103750944137573242e+00 -4.899502098560333252e-01 6.575186043306853467e-02 1.587164323354185377e-02 -1.819809452863035137e-01 9.809728433261345470e-01
1.147009999999999934e+02 1.928636169433593750e+01 -1.960209369659423828e+00 -4.636664390563964844e-01 6.526911485500899723e-02 1.603438582671905949e-02 -1.820972377793166064e-01 9.809808546094804793e-01
1.149180000000000064e+02 1.881541824340820312e+01 -1.773304820060729980e+00 -4.354008734226226807e-01 6.541947133119047075e-02 1.590012997670129519e-02 -1.822113922916073492e-01 9.809518271335375683e-01
1.151080000000000041e+02 1.839323997497558594e+01 -1.616057753562927246e+00 -4.124429821968078613e-01 6.538105137963240443e-02 1.623697664188022971e-02 -1.823022587860556043e-01 9.809319880356266452e-01
1.153050000000000068e+02 1.796257019042968750e+01 -1.456249713897705078e+00 -3.821322619915008545e-01 6.534188308157003189e-02 1.574989035637763823e-02 -1.822924243707378100e-01 9.809443670698941853e-01
1.155169999999999959e+02 1.749346923828125000e+01 -1.270526170730590820e+00 -3.559771478176116943e-01 6.540836198324918860e-02 1.595890430079283800e-02 -1.822104688185498811e-01 9.809517850583231446e-01
1.157109999999999985e+02 1.706609725952148438e+01 -1.103669524192810059e+00 -3.342339396476745605e-01 6.585030171656032494e-02 1.616361040763018148e-02 -1.822361581041801459e-01 9.809140931508001371e-01
1.159090000000000060e+02 1.664038276672363281e+01 -9.500438570976257324e-01 -3.086435794830322266e-01 6.554602086053333554e-02 1.578818698196607015e-02 -1.824905095002971878e-01 9.808933001318210776e-01
1.161140000000000043e+02 1.632629394531250000e+01 -8.782253265380859375e-01 -3.019677400588989258e-01 6.486321080705925723e-02 1.308351956322157533e-02 -1.696361981240289696e-01 9.832828411427014803e-01
1.163269999999999982e+02 1.631739616394042969e+01 -8.708288073539733887e-01 -2.966021001338958740e-01 6.620189980939680807e-02 1.496552715776677117e-02 -1.675334165444656020e-01 9.835272725244863512e-01
1.165169999999999959e+02 1.633570671081542969e+01 -8.060843348503112793e-01 -2.888630628585815430e-01 6.568478806310591722e-02 1.555817685883496664e-02 -1.749998635328966212e-01 9.822517495598578341e-01
1.167120000000000033e+02 1.633479499816894531e+01 -8.008847832679748535e-01 -2.858808040618896484e-01 6.647214939445454662e-02 1.591602683823670900e-02 -1.771117631159597750e-01 9.818144207590974171e-01
1.169020000000000010e+02 1.631468772888183594e+01 -3.148873448371887207e-01 -2.183980345726013184e-01 6.439860131586341851e-02 2.015936423663692439e-02 -2.410961455499574524e-01 9.681523995648044778e-01
1.171039999999999992e+02 1.642711639404296875e+01 3.140015900135040283e-01 -1.330103129148483276e-01 6.195581847048201030e-02 2.604668011845774275e-02 -3.321730426637500289e-01 9.408209801763384172e-01
1.173010000000000019e+02 1.669850921630859375e+01 9.105654954910278320e-01 -5.812397226691246033e-02 5.879815027918025572e-02 3.316207648285342258e-02 -4.315240662207872058e-01 8.995721396749511989e-01
1.175270000000000010e+02 1.686607742309570312e+01 1.289941668510437012e+00 -1.309979148209095001e-02 5.458050582720752608e-02 3.447837689682681228e-02 -4.916793160032191801e-01 8.683799054128400474e-01
1.177159999999999940e+02 1.673542022705078125e+01 1.613996982574462891e+00 3.366667404770851135e-02 5.277787183520032954e-02 3.486479295549303747e-02 -4.952403723563388316e-01 8.664501809366033092e-01
1.179230000000000018e+02 1.649377822875976562e+01 2.053880691528320312e+00 1.018444150686264038e-01 5.245126628584444173e-02 3.565280990621623458e-02 -4.974474566596875369e-01 8.651726819968434956e-01
1.181280000000000001e+02 1.626343154907226562e+01 2.270436286926269531e+00 1.445098519325256348e-01 5.273899250715154141e-02 3.707996138386751572e-02 -4.881886548699014283e-01 8.703536708657106935e-01
1.183139999999999930e+02 1.625674438476562500e+01 2.296828746795654297e+00 1.560390889644622803e-01 5.560623308812327747e-02 3.814352824509910367e-02 -4.910114056897921797e-01 8.685394738164172734e-01
1.185180000000000007e+02 1.629577064514160156e+01 2.201224565505981445e+00 1.415513455867767334e-01 5.305702757737340569e-02 3.843770963976277794e-02 -4.913639477013844736e-01 8.684865947161269917e-01
1.187249999999999943e+02 1.632076835632324219e+01 2.169100522994995117e+00 1.339201927185058594e-01 5.313139581568271375e-02 3.830112994408767929e-02 -4.912536608041169761e-01 8.685504700190064264e-01
1.189219999999999970e+02 1.631884193420410156e+01 2.111403942108154297e+00 1.224587187170982361e-01 5.313965939569995078e-02 3.765073544973410874e-02 -4.899519449771448931e-01 8.693133441587768129e-01
1.191029999999999944e+02 1.636242866516113281e+01 1.960228681564331055e+00 9.972219169139862061e-02 5.366262918026151740e-02 3.655698559542125414e-02 -4.875729496490934234e-01 8.706644174445861140e-01
1.193139999999999930e+02 1.646638870239257812e+01 1.704920411109924316e+00 5.894860252737998962e-02 5.397470740788692933e-02 3.554599214224393733e-02 -4.849587734890078439e-01 8.721457455144144832e-01
1.195100000000000051e+02 1.663980293273925781e+01 1.374173283576965332e+00 9.782466106116771698e-03 5.477735581910506829e-02 3.522999520765943832e-02 -4.830712541002431526e-01 8.731554570574210361e-01
1.197150000000000034e+02 1.687686538696289062e+01 9.581489562988281250e-01 -4.375415667891502380e-02 5.713634988826303551e-02 3.649409223043653672e-02 -4.821313047790133366e-01 8.734718219300543485e-01
1.199120000000000061e+02 1.711395645141601562e+01 5.899620652198791504e-01 -1.034630686044692993e-01 5.576418293297537299e-02 3.546972933138207995e-02 -4.818447618027434376e-01 8.737607680173294922e-01
1.201250000000000000e+02 1.743010902404785156e+01 2.489144355058670044e-01 -1.725896894931793213e-01 5.275295229367296668e-02 3.124354448581413007e-02 -4.900943342463505714e-01 8.695105005069754256e-01
1.203070000000000022e+02 1.772767257690429688e+01 2.945599332451820374e-02 -1.684043705463409424e-01 4.661656154560281373e-02 3.780900750126380688e-02 -4.973906014256148089e-01 8.654478405744043812e-01
1.205109999999999957e+02 1.791260910034179688e+01 -5.877827107906341553e-02 -1.328091025352478027e-01 3.891763534759447307e-02 4.748618321007322396e-02 -5.015256991448976409e-01 8.629614436116556098e-01
1.207000000000000028e+02 1.808467483520507812e+01 -4.368303809314966202e-03 -2.227241694927215576e-01 4.515987862811703113e-02 2.958156472742714399e-02 -5.290080099235706657e-01 8.468978933893234196e-01
1.209069999999999965e+02 1.852655792236328125e+01 4.838922619819641113e-01 -1.742170900106430054e-01 4.175937919461712722e-02 2.602906806200323830e-02 -5.729048173866929661e-01 8.181434544627389505e-01
1.211140000000000043e+02 1.872385406494140625e+01 7.275031208992004395e-01 -1.116088256239891052e-01 3.491259301519383795e-02 3.350013664903655347e-02 -5.819799532140594867e-01 8.117623948856047544e-01
1.213179999999999978e+02 1.873489761352539062e+01 8.815706372261047363e-01 -1.478233039379119873e-01 3.963116462970701220e-02 2.477569992172163477e-02 -5.878411406756119950e-01 8.076251165068338844e-01
1.215109999999999957e+02 1.876675033569335938e+01 8.906372785568237305e-01 -1.316141784191131592e-01 3.851554215656988883e-02 2.663279986605585070e-02 -5.879733111796453526e-01 8.075237657952392123e-01
1.217000000000000028e+02 1.876166915893554688e+01 8.890779614448547363e-01 -1.313180476427078247e-01 3.861651896130358086e-02 2.683636140552865534e-02 -5.877599441563298166e-01 8.076675195989815315e-01
1.219060000000000059e+02 1.868460845947265625e+01 7.456752657890319824e-01 -1.518646329641342163e-01 3.967721126788276154e-02 2.696168494619353637e-02 -5.812093584716309103e-01 8.123388874576060736e-01
1.221179999999999950e+02 1.866351318359375000e+01 7.200188040733337402e-01 -1.540687233209609985e-01 3.988434417914304975e-02 2.703639972499900096e-02 -5.798790143524343854e-01 8.132764603091366951e-01
1.222999999999999972e+02 1.862213706970214844e+01 6.430742740631103516e-01 -1.544543057680130005e-01 4.068339036975455320e-02 2.774113940272247142e-02 -5.758648486220799834e-01 8.160606393241434109e-01
1.225010000000000048e+02 1.847325325012207031e+01 3.601199984550476074e-01 -1.881156265735626221e-01 4.370605745708266987e-02 2.811176309933577019e-02 -5.648590545654743611e-01 8.235494871544778439e-01
1.227090000000000032e+02 1.844725418090820312e+01 -3.500050678849220276e-02 -2.244722992181777954e-01 4.225423555585100521e-02 3.151816673958261067e-02 -5.574799777531089795e-01 8.285150928905034018e-01
1.229080000000000013e+02 1.854915809631347656e+01 -4.347541034221649170e-01 -3.403018414974212646e-01 3.311556485160638968e-02 1.316631378719976611e-02 -5.617182869456318617e-01 8.265606896391098912e-01
1.231179999999999950e+02 1.874380683898925781e+01 -9.648472070693969727e-01 -5.019838809967041016e-01 1.698405474884168154e-02 -1.057702270520647671e-02 -5.690119651135706613e-01 8.220857935961273233e-01
1.233149999999999977e+02 1.928101921081542969e+01 -1.352335333824157715e+00 -5.887215137481689453e-01 -1.667080188693587789e-02 -1.727562661327100221e-02 -6.000101350245189424e-01 7.996320872485196407e-01
1.235090000000000003e+02 2.006957435607910156e+01 -1.787869215011596680e+00 -5.904119610786437988e-01 -2.371662441010031347e-02 -1.149899477496505590e-02 -6.618392090224778368e-01 7.491823251026790143e-01
1.237030000000000030e+02 2.019890975952148438e+01 -9.236903190612792969e-01 -5.859361290931701660e-01 -5.574508654696128107e-02 9.537394212696091028e-03 -7.179001227285896070e-01 6.938450383362120277e-01
1.239050000000000011e+02 2.073671340942382812e+01 -1.139088630676269531e+00 -6.952096223831176758e-01 -5.572011079658800714e-02 9.123163942484524558e-03 -7.613920223455374892e-01 6.458283250532348418e-01
1.241110000000000042e+02 2.077998924255371094e+01 -1.160866737365722656e+00 -8.225052952766418457e-01 -5.544938679075170351e-02 -2.143514832339692838e-02 -7.746823869113615979e-01 6.295499180606719536e-01
1.243050000000000068e+02 2.084443283081054688e+01 -1.302156209945678711e+00 -8.930270671844482422e-01 -6.133410368165005677e-02 -2.972264425876078656e-02 -7.854426595526480259e-01 6.151703184474189845e-01
1.245030000000000001e+02 2.082657241821289062e+01 -1.655737161636352539e+00 -8.843080401420593262e-01 -6.291967138266152393e-02 -3.344330159106171513e-02 -7.921027513007381504e-01 6.062143943470725826e-01
1.247049999999999983e+02 2.083827972412109375e+01 -2.205917835235595703e+00 -9.739400148391723633e-01 -7.659397385334350272e-02 -3.955298649994622162e-02 -7.995104424707474289e-01 5.944341652433161594e-01
1.249090000000000060e+02 2.065454483032226562e+01 -2.874465703964233398e+00 -1.087434053421020508e+00 -9.743782249734908585e-02 -4.951759098584204710e-02 -7.949836832477984450e-01 5.967032950300327210e-01
1.251129999999999995e+02 2.049912452697753906e+01 -3.744144439697265625e+00 -9.131743311882019043e-01 -1.043819908717455308e-01 -4.231044997395802532e-02 -7.945751572845979327e-01 5.966276437031798885e-01
1.253059999999999974e+02 2.023953056335449219e+01 -4.644568920135498047e+00 -6.827472448348999023e-01 -1.002963618525275213e-01 -3.618881479769407716e-02 -7.953682707240190553e-01 5.966743864187303847e-01
1.255049999999999955e+02 2.004114723205566406e+01 -5.777099609375000000e+00 -3.137070834636688232e-01 -7.666735421601242328e-02 3.336306375165479232e-04 -7.997789787585060095e-01 5.953785271775556831e-01
1.257030000000000030e+02 1.923975181579589844e+01 -5.337529659271240234e+00 -5.722425580024719238e-01 9.407503394444134692e-03 8.134882540453518274e-02 -7.992620953383774429e-01 5.953771665427658455e-01
1.259140000000000015e+02 1.860661315917968750e+01 -7.023656845092773438e+00 4.709474444389343262e-01 5.629537850164227641e-02 7.950410805821897520e-02 -8.069543697427622453e-01 5.825243104920903026e-01
1.261129999999999995e+02 1.850363349914550781e+01 -7.463110923767089844e+00 2.881133854389190674e-01 4.436656577328691731e-02 6.937769064324962598e-02 -8.148696613717180126e-01 5.737645674476908875e-01
1.263190000000000026e+02 1.843034362792968750e+01 -7.480318069458007812e+00 2.352036237716674805e-01 4.166372434168617855e-02 6.597482740215826480e-02 -8.104877627475588486e-01 5.805351347331979550e-01
1.265250000000000057e+02 1.842989540100097656e+01 -7.479741573333740234e+00 2.367011159658432007e-01 4.192093382350124686e-02 6.599614224080642411e-02 -8.104457480852367279e-01 5.805728498020360506e-01
1.267030000000000030e+02 1.843123435974121094e+01 -7.479634761810302734e+00 2.340641170740127563e-01 4.162575412452405865e-02 6.596643936330640057e-02 -8.104558238864352226e-01 5.805833988324600181e-01
1.269110000000000014e+02 1.843061065673828125e+01 -7.479377269744873047e+00 2.358520328998565674e-01 4.174994214764941869e-02 6.599318138233603581e-02 -8.104134271223443209e-01 5.806306222388918359e-01
1.271179999999999950e+02 1.843344688415527344e+01 -7.479047298431396484e+00 2.335624098777770996e-01 4.187119766857505532e-02 6.607920366349331887e-02 -8.103877900879247198e-01 5.806478892800760461e-01
1.273220000000000027e+02 1.843298530578613281e+01 -7.476549148559570312e+00 2.261467427015304565e-01 4.199030290348224059e-02 6.604046798194126988e-02 -8.103422647662852363e-01 5.807072282865501922e-01
1.275010000000000048e+02 1.843035125732421875e+01 -7.477126121520996094e+00 2.318369746208190918e-01 4.180246930975344694e-02 6.623520047864853155e-02 -8.103478122433300790e-01 5.806908600706652823e-01
1.277079999999999984e+02 1.843603515625000000e+01 -7.480451583862304688e+00 2.365621477365493774e-01 4.198229780859201454e-02 6.582471476367238172e-02 -8.104036410046943084e-01 5.806466500750060433e-01
1.279009999999999962e+02 1.843166160583496094e+01 -7.481554985046386719e+00 2.354830056428909302e-01 4.179632282828066314e-02 6.605934424175170794e-02 -8.104063695867144146e-01 5.806296122052898578e-01
1.281160000000000139e+02 1.843111801147460938e+01 -7.476245403289794922e+00 2.294272780418395996e-01 4.201646542663026174e-02 6.613466262483197466e-02 -8.103304662582178075e-01 5.807110800443642251e-01
1.283069999999999879e+02 1.843209457397460938e+01 -7.474927902221679688e+00 2.295445501804351807e-01 4.199033564724539286e-02 6.634301877925562196e-02 -8.102814934177865469e-01 5.807575371840889566e-01
1.285200000000000102e+02 1.843185424804687500e+01 -7.480087280273437500e+00 2.320535629987716675e-01 4.171021560825775853e-02 6.621427812671457080e-02 -8.102555275515979094e-01 5.808286385485418313e-01
1.287150000000000034e+02 1.843135452270507812e+01 -7.478240489959716797e+00 2.324465066194534302e-01 4.190294834766744581e-02 6.603198824422369662e-02 -8.103292480793846675e-01 5.807326658242900619e-01
1.289010000000000105e+02 1.843286323547363281e+01 -7.476820945739746094e+00 2.298367321491241455e-01 4.189165678241786595e-02 6.611704370276455522e-02 -8.103196547041913167e-01 5.807371891175137080e-01
1.291210000000000093e+02 1.843260383605957031e+01 -7.479918479919433594e+00 2.303282022476196289e-01 4.192454642786512531e-02 6.608430190245591362e-02 -8.102436948492555135e-01 5.808445165497470031e-01
1.293019999999999925e+02 1.843121528625488281e+01 -7.483449459075927734e+00 2.357087433338165283e-01 4.192161104266002580e-02 6.602988474658000317e-02 -8.104001013674786424e-01 5.806326795414822328e-01
1.295010000000000048e+02 1.843213081359863281e+01 -7.475852966308593750e+00 2.280242145061492920e-01 4.193926041124418358e-02 6.618608557373452383e-02 -8.103272249611559452e-01 5.807153252664649656e-01
1.297110000000000127e+02 1.843315887451171875e+01 -7.477537631988525391e+00 2.341073751449584961e-01 4.182064382773105493e-02 6.605106130845331269e-02 -8.103883474960706934e-01 5.806539565803791048e-01
1.299079999999999870e+02 1.843352699279785156e+01 -7.474987983703613281e+00 2.294866591691970825e-01 4.213752269330502120e-02 6.619201661498907985e-02 -8.103367149588280860e-01 5.806870538486690325e-01
