1.185169999999999959e+02 1.728642918169498444e-02 1.735167801380157471e-01 -2.404133416712284088e-02 -1.305118215425182110e-02 1.406641519579739444e-02 -1.452802946972333968e-02 9.997103275287511082e-01
1.187219999999999942e+02 1.777208782732486725e-02 1.737781912088394165e-01 -2.487405948340892792e-02 -1.299212737439044314e-02 1.366562946381662084e-02 -1.458884865312124607e-02 9.997157699529510833e-01
1.189000000000000057e+02 1.865021139383316040e-02 1.733477264642715454e-01 -2.510091848671436310e-02 -1.307311341570432245e-02 1.353127740832585878e-02 -1.461142897686491804e-02 9.997162119224499710e-01
1.191230000000000047e+02 1.675592549145221710e-02 1.734890788793563843e-01 -2.464650385081768036e-02 -1.309213099497016225e-02 1.374749695898604303e-02 -1.460963129781234562e-02 9.997130393801588744e-01
1.193229999999999933e+02 1.866667158901691437e-02 1.743878722190856934e-01 -2.499075420200824738e-02 -1.315665316127730654e-02 1.380491629326146934e-02 -1.467191831801761999e-02 9.997104888799553946e-01
1.195240000000000009e+02 1.657607592642307281e-02 1.754105836153030396e-01 -2.441369928419589996e-02 -1.294381423215708315e-02 1.374487541763011120e-02 -1.467411284225603012e-02 9.997140623624185540e-01
1.197229999999999990e+02 1.805013976991176605e-02 1.749947965145111084e-01 -2.592542953789234161e-02 -1.292677953240689397e-02 1.385020738548385817e-02 -1.472360437539636802e-02 9.997121013574340465e-01
1.199140000000000015e+02 1.857638545334339142e-02 1.759962141513824463e-01 -2.590736374258995056e-02 -1.307139894217267291e-02 1.375004609760728351e-02 -1.472523419140686282e-02 9.997115795268235461e-01
1.201069999999999993e+02 1.737425290048122406e-02 1.762851923704147339e-01 -2.549509145319461823e-02 -1.279942110714263857e-02 1.404763834138303066e-02 -1.474840335197269772e-02 9.997106197670000416e-01
1.203050000000000068e+02 1.691868528723716736e-02 1.777457296848297119e-01 -2.563307620584964752e-02 -1.296034756875747221e-02 1.400291945906697796e-02 -1.477723865246337830e-02 9.997087480138043825e-01
1.205180000000000007e+02 1.697050407528877258e-02 1.780201792716979980e-01 -2.590400539338588715e-02 -1.291528893957458353e-02 1.383269736280373120e-02 -1.481980515956167130e-02 9.997110708451262262e-01
1.207180000000000035e+02 1.694964431226253510e-02 1.784746795892715454e-01 -2.574533969163894653e-02 -1.288702484065377962e-02 1.393720712598271912e-02 -1.484638298962574765e-02 9.997095897111365481e-01
1.209090000000000060e+02 1.575767621397972107e-02 1.784530282020568848e-01 -2.527767978608608246e-02 -1.294224908874845245e-02 1.388583195225794910e-02 -1.479971712563002938e-02 9.997102831483328789e-01
1.211219999999999999e+02 1.711146347224712372e-02 1.786523908376693726e-01 -2.588355168700218201e-02 -1.295351483969381205e-02 1.379907994391698159e-02 -1.484723294986168944e-02 9.997106338934940162e-01
1.213089999999999975e+02 1.559648197144269943e-02 1.787282526493072510e-01 -2.505534142255783081e-02 -1.304544656287519137e-02 1.406644838758728915e-02 -1.486475499769576887e-02 9.997054518269833379e-01
1.215070000000000050e+02 1.666643097996711731e-02 1.800755411386489868e-01 -2.591069042682647705e-02 -1.274509901851316601e-02 1.396667204373060710e-02 -1.489324146880105157e-02 9.997103009780300420e-01
1.217219999999999942e+02 1.562140416353940964e-02 1.807448118925094604e-01 -2.510019205510616302e-02 -1.313831233200396867e-02 1.400790411681808456e-02 -1.490683479122669602e-02 9.997044311434392094e-01
1.219050000000000011e+02 1.643671654164791107e-02 1.799717992544174194e-01 -2.578743174672126770e-02 -1.308477012660515075e-02 1.398991305862273132e-02 -1.492541180928960189e-02 9.997051081222247948e-01
1.221200000000000045e+02 1.558524835854768753e-02 1.802977323532104492e-01 -2.517684921622276306e-02 -1.297222320857823255e-02 1.388445290647688339e-02 -1.495923423543207148e-02 9.997075395852549340e-01
1.222999999999999972e+02 1.603272929787635803e-02 1.819855868816375732e-01 -2.596970088779926300e-02 -1.283185378866853049e-02 1.406192618207227456e-02 -1.497633060136825331e-02 9.997066146035620271e-01
1.225130000000000052e+02 1.542235445231199265e-02 1.810784190893173218e-01 -2.481035515666007996e-02 -1.299712672043324378e-02 1.391947042281452794e-02 -1.498895799843313371e-02 9.997062839545837187e-01
1.227159999999999940e+02 1.567902602255344391e-02 1.818904876708984375e-01 -2.555208653211593628e-02 -1.282363779921776720e-02 1.403538920820579343e-02 -1.502225269160149292e-02 9.997064039443972483e-01
1.229030000000000058e+02 1.578455418348312378e-02 1.820446848869323730e-01 -2.565635368227958679e-02 -1.295223219123410596e-02 1.394461690807536139e-02 -1.505950587041057949e-02 9.997054559336417956e-01
1.231059999999999945e+02 1.633791625499725342e-02 1.827351599931716919e-01 -2.577498741447925568e-02 -1.305350184494011995e-02 1.385450465404130735e-02 -1.510567866067543535e-02 9.997046950287749034e-01
1.233199999999999932e+02 1.696517504751682281e-02 1.829737722873687744e-01 -2.660762518644332886e-02 -1.290352173025949463e-02 1.364018768157227585e-02 -1.514371281806030714e-02 9.997090138480557719e-01
1.235109999999999957e+02 1.611813157796859741e-02 1.825035363435745239e-01 -2.665428258478641510e-02 -1.304155378040432016e-02 1.417537936284504231e-02 -1.514782506031663555e-02 9.996997148598444349e-01
1.237109999999999985e+02 1.721090823411941528e-02 1.825886517763137817e-01 -2.714655362069606781e-02 -1.323070810178911781e-02 1.388585182932196814e-02 -1.516613851679333817e-02 9.997010151663290323e-01
1.239270000000000067e+02 1.712854020297527313e-02 1.830500662326812744e-01 -2.698808722198009491e-02 -1.311505669039140544e-02 1.397728479212855326e-02 -1.521202134157394019e-02 9.997005677724460915e-01
1.241110000000000042e+02 1.653449982404708862e-02 1.837975829839706421e-01 -2.747805416584014893e-02 -1.300597557715473321e-02 1.399855296109365523e-02 -1.523876225429943859e-02 9.997012880051916461e-01
1.243020000000000067e+02 1.685736514627933502e-02 1.832567155361175537e-01 -2.712012641131877899e-02 -1.306062541867457349e-02 1.402557542581186166e-02 -1.526327764315805503e-02 9.996998227734342768e-01
1.245060000000000002e+02 1.802046783268451691e-02 1.844324618577957153e-01 -2.711109630763530731e-02 -1.318085602353011830e-02 1.389708798342031808e-02 -1.531157912811621259e-02 9.996993005522568643e-01
1.247120000000000033e+02 1.819942705333232880e-02 1.836332678794860840e-01 -2.761869318783283234e-02 -1.312675981752813373e-02 1.389661087060833217e-02 -1.534550367275687791e-02 9.996994987995307946e-01
1.249080000000000013e+02 1.709142141044139862e-02 1.847301870584487915e-01 -2.658866532146930695e-02 -1.312595849630539095e-02 1.391030747596682347e-02 -1.534670675105250306e-02 9.996993003655522125e-01
1.251179999999999950e+02 1.729761064052581787e-02 1.854849010705947876e-01 -2.716501429677009583e-02 -1.303947409038340270e-02 1.378583544646840540e-02 -1.537625235589882428e-02 9.997017023692501558e-01
1.253130000000000024e+02 1.778080128133296967e-02 1.847977638244628906e-01 -2.712338790297508240e-02 -1.296802423779526772e-02 1.402342330413872823e-02 -1.543387450070010138e-02 9.996984392626094840e-01
1.255150000000000006e+02 1.823400333523750305e-02 1.852213889360427856e-01 -2.799403294920921326e-02 -1.318736211922169957e-02 1.405178644696120777e-02 -1.542738664489820902e-02 9.996952718300182728e-01
1.257249999999999943e+02 1.796115562319755554e-02 1.863838732242584229e-01 -2.692948654294013977e-02 -1.290721000817128539e-02 1.374524454221716027e-02 -1.545466034892080225e-02 9.997027686546532399e-01
1.259270000000000067e+02 1.886700652539730072e-02 1.859346628189086914e-01 -2.847331948578357697e-02 -1.323905960872552405e-02 1.372148866822780859e-02 -1.553512179641238639e-02 9.996975082694639081e-01
1.261020000000000039e+02 -1.861400232883170247e-05 1.638914644718170166e-01 -3.043965809047222137e-02 -1.177231687744970459e-02 1.454047935477780114e-02 -1.542437321556359812e-02 9.997059946436137601e-01
1.263010000000000019e+02 -7.820993661880493164e-02 2.122750878334045410e-01 -5.701966956257820129e-02 -2.040831938359952830e-02 7.997222111081676854e-03 -1.486335684809200926e-02 9.996492512684883591e-01
1.265000000000000000e+02 -9.986663609743118286e-02 2.188161164522171021e-01 -6.255947053432464600e-02 -2.374738734777900873e-02 4.705909161723048455e-03 -1.450976937817024734e-02 9.996016119463334570e-01
1.267000000000000028e+02 -1.357523649930953979e-01 9.973090887069702148e-02 2.861380390822887421e-02 -8.802782324135871236e-03 1.709003185218673990e-02 -1.492486731033969456e-02 9.997038012183477873e-01
1.269249999999999972e+02 -4.191521406173706055e-01 1.220368891954421997e-01 7.855860143899917603e-02 -5.453360388585053870e-03 2.471378978915995950e-02 -1.443856727766853858e-02 9.995754184801154407e-01
1.271050000000000040e+02 -7.890760302543640137e-01 8.786119520664215088e-02 1.270256787538528442e-01 -1.974385080443607338e-04 3.197277150849583971e-02 -1.405451558278095377e-02 9.993899006352998660e-01
1.273209999999999980e+02 -1.340979218482971191e+00 1.662461757659912109e-01 1.180465966463088989e-01 -7.659804588456485021e-03 2.980707538469373058e-02 -1.349846575782500356e-02 9.994351690194130944e-01
1.275169999999999959e+02 -1.797700285911560059e+00 2.085136175155639648e-01 1.310503035783767700e-01 -1.212425631188507845e-02 2.830198514760452755e-02 -1.325106563570613641e-02 9.994380467568295678e-01
1.277099999999999937e+02 -2.269106626510620117e+00 2.497337162494659424e-01 1.251144558191299438e-01 -1.886686605385130486e-02 2.616472018840890201e-02 -1.279193382259023390e-02 9.993977262390819627e-01
1.279099999999999966e+02 -2.772559642791748047e+00 3.153178989887237549e-01 1.070467531681060791e-01 -2.734674452211484363e-02 2.143106087344906832e-02 -1.245127849331401776e-02 9.993186833326808127e-01
1.281059999999999945e+02 -3.255867004394531250e+00 3.741302490234375000e-01 8.384203910827636719e-02 -3.411719828460017118e-02 1.686733685378844633e-02 -1.196290797634243577e-02 9.992038823790765356e-01
1.283149999999999977e+02 -3.790725708007812500e+00 4.208201169967651367e-01 5.706677958369255066e-02 -4.151830473338710692e-02 1.150355927837893449e-02 -1.155627070065065598e-02 9.990046802210126309e-01
1.285180000000000007e+02 -4.259385585784912109e+00 4.348186552524566650e-01 6.728202104568481445e-02 -4.100588429199696072e-02 1.208462422821993641e-02 -1.170468457367659573e-02 9.990172569429043303e-01
1.287150000000000034e+02 -4.726419925689697266e+00 4.529492259025573730e-01 7.013842463493347168e-02 -4.141061240242355224e-02 1.165068996938936619e-02 -1.166785907308935145e-02 9.990061479632366126e-01
1.289099999999999966e+02 -5.139805316925048828e+00 4.331315159797668457e-01 1.557659804821014404e-01 -3.697489098578633782e-02 2.002218052009129001e-02 -1.156544386490153051e-02 9.990486525850569288e-01
1.291119999999999948e+02 -5.564032554626464844e+00 4.440341889858245850e-01 2.245149314403533936e-01 -3.733564820134265688e-02 2.573000994269013936e-02 -1.186254180520298317e-02 9.989010441798799045e-01
1.293180000000000121e+02 -5.995325565338134766e+00 4.599077403545379639e-01 3.191767632961273193e-01 -3.620175233464369147e-02 3.300046223831268333e-02 -1.312490104423077661e-02 9.987132419230947411e-01
1.295109999999999957e+02 -6.392121315002441406e+00 4.820818305015563965e-01 4.194780290126800537e-01 -3.617224563924917313e-02 4.057355763398909354e-02 -1.443628449057785153e-02 9.984172217847817610e-01
1.297030000000000030e+02 -6.743677616119384766e+00 5.373871922492980957e-01 5.411574840545654297e-01 -4.010009440955853571e-02 5.236627528916763807e-02 -1.605420546607051746e-02 9.976933487437593673e-01
1.299050000000000011e+02 -7.137515544891357422e+00 5.689974427223205566e-01 6.349713206291198730e-01 -4.089917202145989389e-02 6.124226122219980639e-02 -1.675861106436516909e-02 9.971438171715975018e-01
1.301109999999999900e+02 -7.527355194091796875e+00 6.036058664321899414e-01 7.499278187751770020e-01 -4.158444258062318766e-02 7.358603996821745652e-02 -1.696080174729200016e-02 9.962771502253496836e-01
1.303319999999999936e+02 -8.028537750244140625e+00 5.723829865455627441e-01 8.098289370536804199e-01 -3.305193040669437976e-02 7.518455064273116273e-02 -1.770661404732191968e-02 9.964644143470559046e-01
1.305060000000000002e+02 -8.498482704162597656e+00 5.009114146232604980e-01 7.941724658012390137e-01 -1.785926091974209678e-02 6.697243215729954680e-02 -1.893994386180404901e-02 9.974151686518750726e-01
1.307079999999999984e+02 -9.202279090881347656e+00 3.131706714630126953e-01 6.059709787368774414e-01 1.598432249141034170e-02 3.707138896969300323e-02 -2.030934580981970383e-02 9.989783501293335588e-01
1.309139999999999873e+02 -9.813673973083496094e+00 2.255357205867767334e-01 4.929873645305633545e-01 3.157655135831932691e-02 1.840867557252258424e-02 -2.137356340983745384e-02 9.991032043063152734e-01
1.311100000000000136e+02 -1.023984050750732422e+01 2.311276793479919434e-01 5.496465563774108887e-01 3.331031913476899947e-02 2.444517129458362997e-02 -2.097976794415991678e-02 9.989257758094578499e-01
1.313040000000000020e+02 -1.069807147979736328e+01 2.544426023960113525e-01 5.480107069015502930e-01 3.255685648073382982e-02 2.192590831449192645e-02 -2.109537170352990959e-02 9.990066520966550678e-01
1.315140000000000100e+02 -1.134375190734863281e+01 3.259885907173156738e-01 3.999066650867462158e-01 2.649258113971218395e-02 1.011264221501768966e-04 -2.146059167087796538e-02 9.994186189596121483e-01
1.317110000000000127e+02 -1.199518680572509766e+01 5.037854909896850586e-01 1.544391512870788574e-01 3.707551340769341466e-03 -3.182298675280424011e-02 -2.258597432751615480e-02 9.992314173107564867e-01
1.319089999999999918e+02 -1.245928478240966797e+01 6.337506175041198730e-01 9.019820392131805420e-02 -5.176121204417788793e-03 -3.560456574943455382e-02 -2.759465560675509327e-02 9.989714999182989219e-01
1.321140000000000043e+02 -1.272987651824951172e+01 6.264785528182983398e-01 7.185903936624526978e-02 2.238094390276440006e-03 -3.591163604150427596e-02 -3.055113835664709232e-02 9.988853654326083076e-01
1.323149999999999977e+02 -1.281255817413330078e+01 6.298193931579589844e-01 6.957247108221054077e-02 2.151955827723187401e-03 -3.451315447063556946e-02 -3.068925355361772078e-02 9.989306186972762847e-01
1.325000000000000000e+02 -1.281330108642578125e+01 6.305702328681945801e-01 6.945390999317169189e-02 2.284863904492840693e-03 -3.475017061510642102e-02 -3.066646788654044456e-02 9.989228062200417035e-01
1.326999999999999886e+02 -1.279682636260986328e+01 6.197591423988342285e-01 6.540374457836151123e-02 -2.614822224569733622e-04 -3.566094875878956377e-02 -2.934091977325770442e-02 9.989331002562331641e-01
1.329170000000000016e+02 -1.272337055206298828e+01 6.337761878967285156e-01 6.755635887384414673e-02 5.911330368016875451e-04 -3.619906294927080492e-02 -3.118629583492017049e-02 9.988576942464950648e-01
1.331069999999999993e+02 -1.268198776245117188e+01 6.163528561592102051e-01 8.801730722188949585e-02 1.975242184885027744e-03 -3.451652223452061907e-02 -3.167023420421107016e-02 9.989002474604736781e-01
1.333079999999999927e+02 -1.249384212493896484e+01 6.085710525512695312e-01 1.013254746794700623e-01 2.015382062814092927e-05 -3.544152438147829542e-02 -3.326924059020341939e-02 9.988178290228361123e-01
1.335169999999999959e+02 -1.212419605255126953e+01 6.313551068305969238e-01 9.326959401369094849e-02 -8.310107381317691569e-03 -4.200009776587943638e-02 -3.391643851206713189e-02 9.985071903104276725e-01
1.337239999999999895e+02 -1.160706043243408203e+01 5.729105472564697266e-01 1.442042738199234009e-01 -1.854213944181011542e-03 -3.853771193424337244e-02 -3.454559732615920115e-02 9.986581038347914774e-01
1.339159999999999968e+02 -1.106324958801269531e+01 4.280305802822113037e-01 2.857298552989959717e-01 1.591851228653925338e-02 -2.051438745551700804e-02 -3.391039212610692105e-02 9.990875067679316768e-01
1.341080000000000041e+02 -1.031901741027832031e+01 2.698571681976318359e-01 5.548914074897766113e-01 3.170339857117468463e-02 2.406036298142788521e-02 -3.269872444501516900e-02 9.986725123241894098e-01
1.343000000000000114e+02 -9.815257072448730469e+00 2.647405266761779785e-01 5.975068807601928711e-01 2.453487766907814366e-02 3.166149543053908832e-02 -2.930894484598546568e-02 9.987675281249789316e-01
1.345240000000000009e+02 -9.388850212097167969e+00 1.771067678928375244e-01 4.733123183250427246e-01 3.277119428535180123e-02 1.687907307389216113e-02 -2.918695702027569727e-02 9.988940220349575849e-01
1.347309999999999945e+02 -8.922257423400878906e+00 1.578114181756973267e-01 4.526170194149017334e-01 3.138636224360043941e-02 1.435847143580971062e-02 -2.865517613685496928e-02 9.989932989983997258e-01
1.349290000000000020e+02 -8.442191123962402344e+00 1.565501838922500610e-01 4.476672410964965820e-01 2.646066729284204944e-02 1.549564619283841892e-02 -2.826595326183200391e-02 9.991299985095453140e-01
1.351119999999999948e+02 -7.930900573730468750e+00 2.552404701709747314e-01 5.014218688011169434e-01 6.328821801102066727e-03 2.713802743904669343e-02 -2.745811096817275462e-02 9.992344697934448794e-01
1.353180000000000121e+02 -7.310294151306152344e+00 4.217803776264190674e-01 5.924875736236572266e-01 -2.171829777526218183e-02 4.635380924862894658e-02 -2.723083346781186853e-02 9.983176456511900776e-01
1.355180000000000007e+02 -6.752183437347412109e+00 5.209670066833496094e-01 5.738655328750610352e-01 -4.098398921713419102e-02 5.660897161805922978e-02 -2.424830164999876650e-02 9.972601249560147929e-01
1.357170000000000130e+02 -6.454061985015869141e+00 5.258429050445556641e-01 4.354767501354217529e-01 -4.124779991281871810e-02 4.360765547896562622e-02 -2.535203529383638077e-02 9.978748747675935116e-01
1.359170000000000016e+02 -6.279401779174804688e+00 5.188316702842712402e-01 3.845084905624389648e-01 -4.081677061189423888e-02 3.880100087570156203e-02 -2.538209980607145783e-02 9.980902877882813495e-01
1.361069999999999993e+02 -6.235512256622314453e+00 5.165296196937561035e-01 3.735345602035522461e-01 -4.080577905410510270e-02 3.741404196937854476e-02 -2.541815451856208399e-02 9.981427729940098859e-01
1.363120000000000118e+02 -6.245908737182617188e+00 3.418064415454864502e-01 3.852215707302093506e-01 -2.978051089276564228e-02 3.489444832981830613e-02 -7.035257791589881807e-03 9.989224213093472748e-01
1.365099999999999909e+02 -6.220352172851562500e+00 3.694189190864562988e-01 3.700907826423645020e-01 -3.915972926548757366e-02 3.702301951518807699e-02 -3.243665220972227238e-03 9.985415816408278467e-01
1.367129999999999939e+02 -6.184054374694824219e+00 1.453286260366439819e-01 5.729943513870239258e-01 -2.943134588504515980e-02 5.394641117072715431e-02 2.591664295625545691e-02 9.977734754036466924e-01
1.369250000000000114e+02 -6.301224708557128906e+00 -2.135689705610275269e-01 4.653652310371398926e-01 -3.974548890437024085e-02 4.376715172927106434e-02 8.730149098463918511e-02 9.944260566845171123e-01
1.371229999999999905e+02 -6.347666263580322266e+00 -6.423596143722534180e-01 4.453058838844299316e-01 -2.033970862923340991e-02 3.769708283184792369e-02 1.317130965536985054e-01 9.903619976529202118e-01
1.373009999999999877e+02 -6.289625167846679688e+00 -1.005960106849670410e+00 4.492072761058807373e-01 -1.123537568533384233e-02 3.792633635739949688e-02 1.759885679279391546e-01 9.835971651557295914e-01
1.375229999999999961e+02 -6.045261859893798828e+00 -1.427725911140441895e+00 4.554446637630462646e-01 -2.424219524987741153e-02 4.214938685383685241e-02 2.560297510822416300e-01 9.654452401447106702e-01
1.377059999999999889e+02 -5.727436065673828125e+00 -1.722430467605590820e+00 4.923067688941955566e-01 -3.577104631219837905e-02 4.535695500206601144e-02 3.238932298527819609e-01 9.443285204494271667e-01
1.379039999999999964e+02 -5.208014488220214844e+00 -2.279199838638305664e+00 4.205940961837768555e-01 -2.590878356738456068e-02 4.157624517811031595e-02 4.180317327582657727e-01 9.071105892767815648e-01
1.381220000000000141e+02 -5.778963088989257812e+00 -2.737173318862915039e+00 3.057050108909606934e-01 -1.025116835489233574e-02 4.324197252403443742e-02 5.413028790646405852e-01 8.396524510033431810e-01
1.383089999999999975e+02 -5.071217060089111328e+00 -2.983695268630981445e+00 1.970595121383666992e-01 -1.151738234676304672e-02 2.768899386143992489e-02 6.134040499641002508e-01 7.891996838636335942e-01
1.385039999999999907e+02 -4.565853118896484375e+00 -3.143940687179565430e+00 2.007188200950622559e-01 -7.223056214505021652e-03 3.349101822313435561e-02 6.585364818078883742e-01 7.517685024563005580e-01
1.387059999999999889e+02 -4.408565998077392578e+00 -3.117880344390869141e+00 2.294517755508422852e-01 -5.485962344177596622e-03 4.270672267680621081e-02 6.643928786510636675e-01 7.461421733511097720e-01
1.389089999999999918e+02 -4.413168430328369141e+00 -3.127103328704833984e+00 2.283678501844406128e-01 -5.905582654656054559e-03 4.134140134314551185e-02 6.641600522160762132e-01 7.464230956159068064e-01
1.391189999999999998e+02 -4.423513889312744141e+00 -3.137697219848632812e+00 2.351556420326232910e-01 -5.434354559244840288e-03 4.284889864910643165e-02 6.646496274966366968e-01 7.459056993639779920e-01
1.393189999999999884e+02 -4.476781845092773438e+00 -3.266412019729614258e+00 1.995445340871810913e-01 -6.347426588339873110e-03 3.463830996063684692e-02 6.645660592730828764e-01 7.463992567795214583e-01
1.395240000000000009e+02 -4.592397689819335938e+00 -3.356462001800537109e+00 2.038931846618652344e-01 -9.206001258055112116e-03 2.368483957138954252e-02 6.657253677289419747e-01 7.457640462488648314e-01
1.397050000000000125e+02 -4.489650249481201172e+00 -3.365735769271850586e+00 2.687055766582489014e-01 -4.580838527664846116e-03 4.539191055521829554e-02 6.658486018085685298e-01 7.446906940764768112e-01
1.399269999999999925e+02 -4.539923667907714844e+00 -3.679135084152221680e+00 3.051598966121673584e-01 -5.874614493262007853e-03 4.756932885968544189e-02 6.655155462891234608e-01 7.448434100560223925e-01
1.401150000000000091e+02 -4.600363731384277344e+00 -4.087991237640380859e+00 3.337632417678833008e-01 -1.005767077371804569e-02 4.419366634474286570e-02 6.651534296616957720e-01 7.453299122689900358e-01
1.403050000000000068e+02 -4.677430629730224609e+00 -4.535366535186767578e+00 3.486800491809844971e-01 -1.526818698638773321e-02 4.002195714130699772e-02 6.653903601157129533e-01 7.452655862696264677e-01
1.405190000000000055e+02 -4.775770664215087891e+00 -5.017418861389160156e+00 3.732786178588867188e-01 -1.877557589050622006e-02 3.634901551030873118e-02 6.656309241280524702e-01 7.451588419027489474e-01
1.407019999999999982e+02 -4.841275215148925781e+00 -5.430881977081298828e+00 4.286705255508422852e-01 -2.390381881946022913e-02 3.682067309246826736e-02 6.655637529508435790e-01 7.450488146671011558e-01
1.409070000000000107e+02 -4.885018348693847656e+00 -5.902783870697021484e+00 4.790412485599517822e-01 -2.361154481967139493e-02 3.825652917893039573e-02 6.656107399307266137e-01 7.449438071527817451e-01
1.411109999999999900e+02 -4.916354179382324219e+00 -6.345517158508300781e+00 5.053134560585021973e-01 -2.221205204690031645e-02 3.847388830855361097e-02 6.652999598016480221e-01 7.452532107614247003e-01
1.413009999999999877e+02 -4.943439960479736328e+00 -6.833480834960937500e+00 5.291267633438110352e-01 -1.811064214667990752e-02 3.911240335059230216e-02 6.650724848548732471e-01 7.455339123300428472e-01
1.415120000000000005e+02 -4.998282909393310547e+00 -7.310690879821777344e+00 5.605055093765258789e-01 -1.697872891516370719e-02 3.925542737120688019e-02 6.652247618790351202e-01 7.454171653304679790e-01
1.417069999999999936e+02 -5.027696609497070312e+00 -7.787761688232421875e+00 5.800845623016357422e-01 -1.331339223697918829e-02 3.939908703747274643e-02 6.650425535292865398e-01 7.456466103476927509e-01
1.419110000000000014e+02 -5.039639949798583984e+00 -8.294043540954589844e+00 5.486882925033569336e-01 -1.397721334033919655e-03 3.700561818319281909e-02 6.650446885854327528e-01 7.458848388204822877e-01
1.421140000000000043e+02 -5.049241065979003906e+00 -8.551924705505371094e+00 4.847957789897918701e-01 1.506981634903478522e-02 3.198863822043021554e-02 6.544641633618771825e-01 7.552657059174915366e-01
1.423120000000000118e+02 -5.120401382446289062e+00 -8.472182273864746094e+00 5.994512438774108887e-01 -4.170948976910723166e-03 3.826319732873301876e-02 6.512129469139986693e-01 7.579183522559670427e-01
1.425060000000000002e+02 -5.170777797698974609e+00 -8.361418724060058594e+00 6.939147710800170898e-01 -2.163099474608670691e-02 4.068082486610304777e-02 6.514527165870226399e-01 7.572889333708082704e-01
1.427170000000000130e+02 -5.058147430419921875e+00 -8.418489456176757812e+00 4.924725592136383057e-01 1.539913395825812104e-02 3.092182479436497711e-02 6.475447705249329777e-01 7.612440328767996478e-01
1.429120000000000061e+02 -5.171179294586181641e+00 -8.115221023559570312e+00 6.246791481971740723e-01 -1.636364094726141388e-02 3.871229146821845990e-02 6.382007172452376365e-01 7.687219485951295450e-01
1.431020000000000039e+02 -5.231096267700195312e+00 -7.890687465667724609e+00 6.345517039299011230e-01 -2.159498974879733857e-02 3.856965080758224113e-02 6.305206812602998090e-01 7.749127105405987370e-01
1.433139999999999930e+02 -5.071746349334716797e+00 -7.656783580780029297e+00 4.710263013839721680e-01 1.206331555102889072e-02 3.146983735003348881e-02 6.270715352725733105e-01 7.782322374497065987e-01
1.435089999999999861e+02 -5.062231063842773438e+00 -7.019891262054443359e+00 5.650122165679931641e-01 -2.121518455846828008e-02 3.879741844347365382e-02 6.274197364794593668e-01 7.774246912353105499e-01
1.437090000000000032e+02 -4.996186256408691406e+00 -6.472578048706054688e+00 5.422095060348510742e-01 -2.779954409977094393e-02 3.776309230863235389e-02 6.305997942752492591e-01 7.746902824143000466e-01
1.439070000000000107e+02 -4.874831676483154297e+00 -6.107210636138916016e+00 4.837095439434051514e-01 -1.972222242789468255e-02 3.703696161114147789e-02 6.302682981901767123e-01 7.752426521506526891e-01
1.441179999999999950e+02 -4.810366153717041016e+00 -5.583337783813476562e+00 4.463901519775390625e-01 -2.638091717956170604e-02 3.596959631193967499e-02 6.306474111413692407e-01 7.747864726301111338e-01
1.443189999999999884e+02 -4.723555088043212891e+00 -5.145628452301025391e+00 3.956482112407684326e-01 -2.555193446335596655e-02 3.356197997821787349e-02 6.306664892024106406e-01 7.749067502236818283e-01
1.445209999999999866e+02 -4.611586570739746094e+00 -4.673328399658203125e+00 3.459932506084442139e-01 -2.254794672705838846e-02 3.404680739058409816e-02 6.300635203766740133e-01 7.754691259460009256e-01
1.447050000000000125e+02 -4.517524719238281250e+00 -4.256951808929443359e+00 3.271309733390808105e-01 -1.983606880013855100e-02 3.855720808828647095e-02 6.305767030880148338e-01 7.749147653785172229e-01
1.449010000000000105e+02 -4.500904560089111328e+00 -4.009794235229492188e+00 3.140802085399627686e-01 -1.856970094163074708e-02 3.968283987329072199e-02 6.305895349136777517e-01 7.748788788474497702e-01
1.451179999999999950e+02 -4.607953548431396484e+00 -3.832358360290527344e+00 3.095669150352478027e-01 -1.837475795507926765e-02 3.996740923448612037e-02 6.169778857725776167e-01 7.857501275448675049e-01
1.453069999999999879e+02 -4.731081962585449219e+00 -3.749580860137939453e+00 3.059653341770172119e-01 -1.907452702243910003e-02 3.904123457617288129e-02 6.039997058711283895e-01 7.957991579093490753e-01
1.455169999999999959e+02 -4.844413757324218750e+00 -3.717074871063232422e+00 3.154915273189544678e-01 -1.945681699677065737e-02 3.929890156261293260e-02 5.902249352186212938e-01 8.060468686462968213e-01
1.457210000000000036e+02 -5.194255828857421875e+00 -3.596168041229248047e+00 3.207538425922393799e-01 -2.197137578960572588e-02 3.718242283396536868e-02 5.474859262950020344e-01 8.356996389774328238e-01
1.459170000000000016e+02 -5.576780319213867188e+00 -3.427867174148559570e+00 3.267613053321838379e-01 -2.427481323994126403e-02 3.533069258775904664e-02 4.942982603348844983e-01 8.682348215968661576e-01
1.461260000000000048e+02 -4.728237152099609375e+00 -3.207921028137207031e+00 4.274737536907196045e-01 -3.423749535608074102e-02 3.475521703363968623e-02 4.223018864049942200e-01 9.051414174257359502e-01
1.463060000000000116e+02 -5.236770629882812500e+00 -2.743445396423339844e+00 3.813396692276000977e-01 -3.783325051828253377e-02 2.782127517931237692e-02 3.371088757934366797e-01 9.402936922387086227e-01
1.465200000000000102e+02 -5.862899780273437500e+00 -3.109070062637329102e+00 7.472996115684509277e-01 -5.548658669229077772e-02 4.333785001522198754e-02 2.121838358033918959e-01 9.746902529917164104e-01
1.467170000000000130e+02 -5.962938308715820312e+00 -1.124981999397277832e+00 3.594197928905487061e-01 -3.691443552711040632e-02 2.770621355151550377e-02 7.744861945472018838e-02 9.959274077586733886e-01
1.469170000000000016e+02 -5.977578163146972656e+00 -2.469428032636642456e-01 3.180601596832275391e-01 -4.239605706142042518e-02 2.745476510029749503e-02 -3.817861262444006282e-02 9.979935890360244199e-01
1.471129999999999995e+02 -5.949611186981201172e+00 -4.366065934300422668e-02 3.021395206451416016e-01 -4.308736076407065213e-02 2.646525582719235284e-02 -5.998248602234848570e-02 9.969178356048039591e-01
1.473060000000000116e+02 -5.949374198913574219e+00 -4.563478752970695496e-02 3.026882410049438477e-01 -4.341684759566820373e-02 2.662794739894003282e-02 -5.996994050132063714e-02 9.968999628841611615e-01
1.475060000000000002e+02 -5.974154472351074219e+00 -5.510972440242767334e-02 2.589243054389953613e-01 -4.438252166399805909e-02 2.207166787800163635e-02 -5.787408510819393864e-02 9.970925852300364101e-01
1.477199999999999989e+02 -5.936087131500244141e+00 -1.621163636445999146e-01 2.920481264591217041e-01 -4.342741872058610009e-02 2.565990202874433163e-02 -4.115949780191123508e-02 9.978785118799965437e-01
1.479029999999999916e+02 -5.933292388916015625e+00 -1.581782549619674683e-01 2.921233773231506348e-01 -4.366523120764378985e-02 2.611078757095947056e-02 -4.108363163244958122e-02 9.978595640509222431e-01
1.481049999999999898e+02 -5.954297065734863281e+00 -3.943183422088623047e-01 3.883277773857116699e-01 -4.267120170761694309e-02 3.483010343761779731e-02 -5.605157260205635185e-03 9.984661309485872716e-01
1.483180000000000121e+02 -6.107550621032714844e+00 -8.237186670303344727e-01 3.387883901596069336e-01 -4.008667972083367753e-02 2.800387289004261163e-02 5.366499352184939120e-02 9.973609726084220473e-01
1.485159999999999911e+02 -6.107263565063476562e+00 -8.732817769050598145e-01 3.485610187053680420e-01 -3.693413503532836512e-02 2.719578885912737193e-02 5.794234316069612339e-02 9.972657336971776365e-01
1.487270000000000039e+02 -5.940969467163085938e+00 -8.443976044654846191e-01 3.110376298427581787e-01 -3.373659071346317428e-02 2.276439691248334854e-02 5.658011989830640659e-02 9.975682005319417289e-01
1.489079999999999870e+02 -5.828760147094726562e+00 -7.931733131408691406e-01 3.251885175704956055e-01 -3.967993833377203572e-02 2.727790512511021892e-02 5.780991843684384068e-02 9.971656992276353160e-01
1.491229999999999905e+02 -5.713942527770996094e+00 -7.620708346366882324e-01 3.164626359939575195e-01 -3.889610410577538924e-02 2.727864439882515118e-02 5.806794490127814568e-02 9.971815694346227721e-01
1.493170000000000073e+02 -5.413151741027832031e+00 -6.975121498107910156e-01 2.614421844482421875e-01 -4.060198932089076340e-02 2.381169717534882546e-02 5.754060140103425119e-02 9.972329520885394594e-01
1.495039999999999907e+02 -5.010158061981201172e+00 -6.373651623725891113e-01 1.945789903402328491e-01 -4.308566490289791190e-02 1.743089901388322413e-02 5.776895654645595318e-02 9.972474802670483474e-01
1.497299999999999898e+02 -4.503543376922607422e+00 -5.678945183753967285e-01 1.502185761928558350e-01 -4.485428175358507907e-02 1.415077647092864363e-02 5.785618895695678748e-02 9.972163808988582234e-01
1.499180000000000064e+02 -4.044529438018798828e+00 -5.353335738182067871e-01 1.590202301740646362e-01 -4.230357215545928889e-02 1.726093157392624700e-02 5.747020941752735423e-02 9.973011797113215948e-01
1.500999999999999943e+02 -3.631249904632568359e+00 -4.629889130592346191e-01 1.137903705239295959e-01 -4.456717997388269514e-02 1.405443475792470670e-02 5.728688297900466631e-02 9.972634819200794087e-01
1.503240000000000123e+02 -3.099292755126953125e+00 -4.269292354583740234e-01 1.081072837114334106e-01 -4.206074990693108723e-02 1.503596536577585241e-02 5.708369116587292541e-02 9.973696733236202538e-01
1.505180000000000007e+02 -2.646431207656860352e+00 -3.892143368721008301e-01 8.373267203569412231e-02 -3.940494127648450085e-02 1.429277814420269570e-02 5.675148362733340585e-02 9.975080131016562657e-01
1.507189999999999941e+02 -2.190418481826782227e+00 -4.115102589130401611e-01 1.089989393949508667e-01 -3.017703991820791867e-02 2.109003190915376830e-02 5.686661348767312746e-02 9.977027338272101975e-01
1.509209999999999923e+02 -1.805762767791748047e+00 -5.216351747512817383e-01 2.628035843372344971e-01 -5.125245120285755809e-03 4.143038714005550099e-02 4.894661990765036830e-02 9.979285962850739100e-01
1.511059999999999945e+02 -1.660346269607543945e+00 -4.589233696460723877e-01 2.011235803365707397e-01 -1.021794661278754845e-02 3.812788739160629520e-02 4.210235983993155379e-02 9.983332354810091624e-01
1.513160000000000025e+02 -1.665348052978515625e+00 -4.423988163471221924e-01 1.764011532068252563e-01 -1.018831420382162664e-02 3.227978678908009769e-02 3.875631530233347721e-02 9.986752032781838206e-01
1.515089999999999861e+02 -1.827869772911071777e+00 -2.685476094484329224e-02 2.019220143556594849e-01 -1.010089395208760635e-02 3.636598302658484300e-02 -2.997113106483218284e-02 9.988379340626654113e-01
1.516999999999999886e+02 -2.061270475387573242e+00 6.672915220260620117e-01 3.202043706551194191e-03 -3.763273823190956685e-02 1.441797928223407729e-02 -1.108274478584108935e-01 9.930222432996033133e-01
1.519029999999999916e+02 -1.931406497955322266e+00 1.245864629745483398e+00 -1.805203408002853394e-02 -3.550782568126713279e-02 1.567114470767669299e-02 -2.071275755285560960e-01 9.775437468444069244e-01
1.521150000000000091e+02 -2.743011474609375000e+00 2.123782873153686523e+00 -8.268018811941146851e-02 -3.378634927056053255e-02 1.595800938270239971e-02 -3.429271084784265011e-01 9.386185715242028049e-01
1.523209999999999980e+02 -2.114562034606933594e+00 2.769565105438232422e+00 -9.196868538856506348e-02 -3.588887362712757378e-02 2.121404584018660514e-02 -4.510091484500047265e-01 8.915451200153967637e-01
1.525200000000000102e+02 -1.798723578453063965e+00 3.019280195236206055e+00 -1.111797913908958435e-01 -3.661707223050612858e-02 1.909359458330608939e-02 -4.995731392008642135e-01 8.652868329381581125e-01
1.527189999999999941e+02 -1.850829482078552246e+00 3.056756258010864258e+00 -1.444581747055053711e-01 -3.359915142228252216e-02 1.227214491952384467e-02 -4.998444957181785164e-01 8.653762023438225093e-01
1.529159999999999968e+02 -1.876729607582092285e+00 3.176802396774291992e+00 -5.168282985687255859e-02 -3.214814105774069231e-02 2.635459929317823802e-02 -4.982450443993223232e-01 8.660391491463564906e-01
1.531090000000000089e+02 -2.147920846939086914e+00 3.456299781799316406e+00 -1.846213638782501221e-01 -2.762949459934461657e-02 2.554800519194535754e-03 -4.931153978422197492e-01 8.695212984357549857e-01
1.533009999999999877e+02 -2.212511539459228516e+00 3.626288652420043945e+00 -1.951791942119598389e-01 -2.516565906374263265e-02 -2.761049382668957081e-03 -4.982578526895828364e-01 8.666592054800779099e-01
1.535089999999999861e+02 -2.180238962173461914e+00 3.992269277572631836e+00 -5.383081734180450439e-02 -2.917364936581710172e-02 2.590809837061431101e-02 -5.031101319248006964e-01 8.633411051120573054e-01
1.537100000000000080e+02 -2.456015348434448242e+00 4.399459362030029297e+00 -9.781248867511749268e-02 -2.814053826197220401e-02 1.935273489634302055e-02 -5.040480048271550606e-01 8.630001104218484320e-01
1.539139999999999873e+02 -2.676773309707641602e+00 4.797080516815185547e+00 -8.782533556222915649e-02 -2.674338718719511399e-02 2.085540438692415691e-02 -5.048230041120557177e-01 8.625564201076315607e-01
1.541160000000000139e+02 -2.902795076370239258e+00 5.228750705718994141e+00 -8.919596672058105469e-02 -2.296738079068163726e-02 2.060587226228717886e-02 -5.058603254737109589e-01 8.620633553049087405e-01
1.543129999999999882e+02 -3.149932861328125000e+00 5.594089031219482422e+00 -9.474434703588485718e-02 -2.005901593906263963e-02 1.770884717855478879e-02 -5.073309140086328384e-01 8.613358092534689758e-01
1.545159999999999911e+02 -3.399116754531860352e+00 6.026831150054931641e+00 -9.918210655450820923e-02 -1.565995763260839141e-02 1.610663231561527270e-02 -5.076401058650367171e-01 8.612763000569148009e-01
1.547210000000000036e+02 -3.650192260742187500e+00 6.445678234100341797e+00 -1.198728606104850769e-01 -1.106609850582950319e-02 1.328996293188846461e-02 -5.079311432415982708e-01 8.612240545145096737e-01
1.549180000000000064e+02 -3.896838665008544922e+00 6.816670417785644531e+00 -1.252117305994033813e-01 -8.033203943986391704e-03 1.118838381666204668e-02 -5.086003953215970652e-01 8.608925168571744946e-01
1.551020000000000039e+02 -4.114989280700683594e+00 7.194465637207031250e+00 -1.263827085494995117e-01 -4.509846973089232970e-03 9.717246220223817177e-03 -5.088616104345197177e-01 8.607816783785317005e-01
1.553079999999999927e+02 -4.383089542388916016e+00 7.637354850769042969e+00 -1.477535218000411987e-01 -7.638392123200275427e-05 5.097501021482654139e-03 -5.093548714932059074e-01 8.605414717112548351e-01
1.555060000000000002e+02 -4.589245319366455078e+00 8.007452964782714844e+00 -1.198242530226707458e-01 1.054911206665647659e-03 8.807010651145698657e-03 -5.094715092387360755e-01 8.604418080264004676e-01
1.557199999999999989e+02 -4.791666507720947266e+00 8.434596061706542969e+00 -5.119429901242256165e-02 3.187789870458378021e-03 1.442632947420901743e-02 -5.099797001902222071e-01 8.600595470126091158e-01
1.559099999999999966e+02 -4.972097396850585938e+00 8.764872550964355469e+00 5.394006147980690002e-02 7.194274160727110942e-03 2.231721105097925900e-02 -5.098313831496655846e-01 8.599547344284497186e-01
1.561119999999999948e+02 -5.155716896057128906e+00 9.049448013305664062e+00 1.064298003911972046e-01 1.018697860649367577e-02 2.626543007360540236e-02 -5.036110034346965580e-01 8.634710822427219545e-01
1.563040000000000020e+02 -5.159706592559814453e+00 9.174839973449707031e+00 3.191701695322990417e-02 -8.727101412497804273e-03 2.419360250015701458e-02 -4.920329297349617104e-01 8.701965889127758480e-01
1.565229999999999961e+02 -5.072440624237060547e+00 9.216349601745605469e+00 -9.603099897503852844e-03 -2.535083729638118108e-02 2.355115607892470722e-02 -4.897877124289354289e-01 8.711547938508684696e-01
1.567079999999999984e+02 -5.011364936828613281e+00 9.010187149047851562e+00 8.645866997539997101e-03 -1.223324189698135264e-03 1.970736079645031558e-02 -4.885200204177627681e-01 8.723292457893373486e-01
1.569110000000000014e+02 -4.993385314941406250e+00 8.893547058105468750e+00 5.002750083804130554e-02 7.278924090611898177e-03 2.276401961246295180e-02 -4.869003015534257295e-01 8.731305246195151248e-01
1.571109999999999900e+02 -4.912970066070556641e+00 8.700103759765625000e+00 -7.016210258007049561e-02 -5.896635765602285459e-03 1.267182389100395337e-02 -4.721577086273580082e-01 8.814032861010253628e-01
1.573040000000000020e+02 -4.701023101806640625e+00 8.315301895141601562e+00 -1.104746833443641663e-01 1.372809473892736259e-03 8.042145323927583217e-03 -4.701219838910501436e-01 8.825637424883715498e-01
1.575070000000000050e+02 -4.439927101135253906e+00 7.902253150939941406e+00 -1.322318315505981445e-01 7.569564507309920615e-04 7.117944252013355677e-03 -4.704138540613106989e-01 8.824168900206641464e-01
1.577030000000000030e+02 -4.193137645721435547e+00 7.556825637817382812e+00 -1.373242735862731934e-01 2.463195745614626953e-04 4.963261940522316340e-03 -4.701984586182683667e-01 8.825467210695316922e-01
1.579159999999999968e+02 -3.900574445724487305e+00 7.139799594879150391e+00 -1.433156728744506836e-01 -2.171495592639079153e-03 4.545553342863724311e-03 -4.700833930804544925e-01 8.826076286219516343e-01
1.581160000000000139e+02 -3.614296197891235352e+00 6.752335071563720703e+00 -1.342888027429580688e-01 -5.766371930285580510e-03 7.554981886505960330e-03 -4.703926219226245986e-01 8.824060587077896534e-01
1.583069999999999879e+02 -3.334662199020385742e+00 6.402847290039062500e+00 -1.168439760804176331e-01 -8.474478242319954599e-03 1.156107927422593377e-02 -4.704990451501964710e-01 8.822840660338875374e-01
1.585099999999999909e+02 -3.052493810653686523e+00 6.034940242767333984e+00 -9.942851215600967407e-02 -9.234004546688949835e-03 1.501592678268003946e-02 -4.711542756538161791e-01 8.818746530182262067e-01
1.587259999999999991e+02 -2.933938980102539062e+00 5.803721427917480469e+00 -1.117340102791786194e-01 -1.215897505746113549e-02 1.366394770688501500e-02 -4.702938463078710218e-01 8.823203239093860839e-01
1.589010000000000105e+02 -3.213813066482543945e+00 5.479639053344726562e+00 -1.127502471208572388e-01 -1.159570593478446640e-02 1.266155428054710139e-02 -4.208256891316689563e-01 9.069790317388437551e-01
1.591049999999999898e+02 -3.333114624023437500e+00 5.364295482635498047e+00 -1.138927340507507324e-01 -1.133503793807555393e-02 1.228563232198403438e-02 -4.002586279259546242e-01 9.162497535738951537e-01
1.593209999999999980e+02 -3.519823789596557617e+00 5.205333232879638672e+00 -1.216959208250045776e-01 -1.019503581661943860e-02 1.010481720006366213e-02 -3.674553535674724425e-01 9.299303829043628067e-01
1.595070000000000050e+02 -2.643352746963500977e+00 4.629703044891357422e+00 -1.427246332168579102e-01 -8.497426390143053912e-03 5.706354338470251246e-03 -2.733759470961508176e-01 9.618528072497322112e-01
1.597160000000000082e+02 -3.006699085235595703e+00 3.712344169616699219e+00 -1.470964550971984863e-01 -8.305480495133679350e-03 3.848308873794052676e-03 -1.280129239287590981e-01 9.917302560776124487e-01
1.599240000000000066e+02 -3.063374519348144531e+00 2.837978363037109375e+00 -1.057944521307945251e-01 -9.149894293404221488e-03 5.090856261989327308e-03 4.090291050552575386e-03 9.999368140717996845e-01
1.601069999999999993e+02 -2.944857120513916016e+00 2.405739068984985352e+00 -4.432843998074531555e-02 -2.321773022516463586e-03 1.253733541457595357e-02 6.589873309913614474e-02 9.977448479278974158e-01
1.603230000000000075e+02 -2.910321235656738281e+00 2.375480890274047852e+00 -1.900608837604522705e-02 2.282288731385075271e-03 1.683374353340414895e-02 6.710519900796566017e-02 9.976012773161928582e-01
1.605209999999999866e+02 -2.910989046096801758e+00 2.379937171936035156e+00 -1.825731433928012848e-02 2.255332260656307819e-03 1.692452515763756549e-02 6.704128107049284191e-02 9.976041001103641559e-01
1.607139999999999986e+02 -2.911511182785034180e+00 2.392146825790405273e+00 -2.851419895887374878e-02 1.312937414320663847e-03 1.605378143714160724e-02 6.699066538976815310e-02 9.976235778326164594e-01
1.609130000000000109e+02 -2.848799467086791992e+00 2.531673669815063477e+00 -1.324597150087356567e-01 -1.415212594091532286e-02 -4.362742366064979076e-04 6.823206857674296577e-02 9.975690010289421927e-01
1.611210000000000093e+02 -2.735835075378417969e+00 2.449399709701538086e+00 -5.894294008612632751e-02 -2.248874838441929699e-03 1.108979021198939693e-02 7.128846814845465896e-02 9.973915547186379404e-01
1.613199999999999932e+02 -2.607911586761474609e+00 2.487088441848754883e+00 -6.421111524105072021e-02 -3.639695356597013936e-04 1.077074271938351091e-02 7.179559733756349371e-02 9.973611436337354030e-01
1.615000000000000000e+02 -2.374761819839477539e+00 2.628031492233276367e+00 -1.431696563959121704e-01 -9.551045860241575217e-03 1.299868801531926365e-04 6.841726309221374258e-02 9.976110658655292784e-01
1.617170000000000130e+02 -1.861352682113647461e+00 2.661515951156616211e+00 -1.406221836805343628e-01 -5.314969487497296988e-03 2.330437378453503652e-03 6.874297372414027441e-02 9.976175237657637362e-01
1.619259999999999877e+02 -1.327176690101623535e+00 2.686917304992675781e+00 -1.165400594472885132e-01 3.144795774246094029e-03 7.758004879392299200e-03 6.870440615810421980e-02 9.976019387482623069e-01
1.621140000000000043e+02 -8.973754644393920898e-01 2.753118515014648438e+00 -1.512737274169921875e-01 2.640013840705843131e-03 4.694419384509982904e-03 6.857174683536566839e-02 9.976316496029533631e-01
1.623170000000000073e+02 -4.520854353904724121e-01 2.820721387863159180e+00 -1.857855916023254395e-01 1.331291484535814971e-03 5.556946028681046361e-04 6.869892178175916742e-02 9.976363951924144269e-01
1.625140000000000100e+02 1.787254773080348969e-02 2.868215799331665039e+00 -1.704838424921035767e-01 4.480182501229633407e-03 3.012908557900537739e-03 6.864277513374131279e-02 9.976266935927066148e-01
1.627290000000000134e+02 5.256490707397460938e-01 2.935279607772827148e+00 -1.892796754837036133e-01 4.786362782739142334e-03 1.802669567636967611e-03 6.855814919687805431e-02 9.976340116958926085e-01
1.629039999999999964e+02 9.314652681350708008e-01 2.992748260498046875e+00 -1.941675692796707153e-01 4.584413058542817151e-03 9.308503968566553873e-04 6.847180593743480703e-02 9.976420843499504976e-01
1.631100000000000136e+02 1.396127104759216309e+00 3.054665327072143555e+00 -1.981919556856155396e-01 5.011434526933719255e-03 1.025947207672141563e-03 6.866666495044258800e-02 9.976265443946912281e-01
1.633040000000000020e+02 1.849799394607543945e+00 3.115293264389038086e+00 -1.997615844011306763e-01 5.006534765182028834e-03 7.823888758501466043e-04 6.856256900915541630e-02 9.976339492058983183e-01
1.635180000000000007e+02 2.363690853118896484e+00 3.187148809432983398e+00 -2.004766762256622314e-01 4.888050368483185491e-03 8.095431652549675040e-04 6.839171534296063781e-02 9.976462423504166566e-01
1.637110000000000127e+02 2.799550771713256836e+00 3.248343944549560547e+00 -1.971961557865142822e-01 4.947520358910939553e-03 1.011934490885894357e-03 6.861888812099367629e-02 9.976301650531237408e-01
1.639089999999999918e+02 3.266985177993774414e+00 3.311968564987182617e+00 -2.001364976167678833e-01 5.070233935126313568e-03 7.707895833422783675e-04 6.848792797977232283e-02 9.976387634471199917e-01
1.641069999999999993e+02 3.736045598983764648e+00 3.376979351043701172e+00 -2.000008076429367065e-01 5.227795890651086227e-03 8.968589031389032334e-04 6.804812746915336885e-02 9.976679398187432435e-01
1.643000000000000114e+02 4.047764301300048828e+00 3.381034374237060547e+00 -2.005019187927246094e-01 5.045078244020418171e-03 1.151349078440224230e-03 6.763847758422940337e-02 9.976964758537032463e-01
1.645140000000000100e+02 4.195608139038085938e+00 3.378658771514892578e+00 -2.009680867195129395e-01 4.960407134547905814e-03 1.331198826135562320e-03 6.773688642938904825e-02 9.976900001942471397e-01
1.647129999999999939e+02 4.229803085327148438e+00 3.414687633514404297e+00 -2.001319378614425659e-01 5.127100359061610192e-03 1.270494066688088262e-03 6.308393835837899921e-02 9.979942461797718378e-01
1.649219999999999970e+02 4.229407787322998047e+00 3.420297622680664062e+00 -2.006361633539199829e-01 5.097167634861624747e-03 1.217949196439911067e-03 6.269657218209967464e-02 9.980188752315619638e-01
1.651260000000000048e+02 4.228299617767333984e+00 3.426295518875122070e+00 -2.000713944435119629e-01 5.127309603259315798e-03 1.315899333421936693e-03 6.153635530886939625e-02 9.980908055284736236e-01
1.653220000000000027e+02 4.225508689880371094e+00 3.450214147567749023e+00 -2.005777209997177124e-01 4.905995446896667909e-03 1.282170654766820201e-03 5.811197682892484118e-02 9.982971929220884055e-01
1.655039999999999907e+02 4.221205234527587891e+00 3.488739013671875000e+00 -1.999216079711914062e-01 4.936115384735994399e-03 1.242533589829647456e-03 5.252230495235547802e-02 9.986067786459685847e-01
1.657100000000000080e+02 4.218990802764892578e+00 3.512799024581909180e+00 -2.007700204849243164e-01 4.925399049888467065e-03 1.238948820538954840e-03 4.858097493193490324e-02 9.988063347439694040e-01
1.659079999999999870e+02 4.220838546752929688e+00 3.513810634613037109e+00 -1.998423188924789429e-01 5.029258483816074002e-03 1.186757715039832555e-03 4.852790667877950742e-02 9.988084603359165259e-01
1.661140000000000043e+02 4.225323200225830078e+00 3.522290229797363281e+00 -2.000058144330978394e-01 4.701860285797766943e-03 1.413909869723597914e-03 4.798434242579135284e-02 9.988360207014450598e-01
1.663069999999999879e+02 4.338253021240234375e+00 3.563138008117675781e+00 -2.002349942922592163e-01 4.991720922808099738e-03 1.251973943231851323e-03 4.745531482530179063e-02 9.988601045082867724e-01
1.665020000000000095e+02 4.365084648132324219e+00 3.562853097915649414e+00 -1.994973570108413696e-01 4.816891298316566122e-03 1.067136229985753745e-03 4.733446218512974563e-02 9.988669117896193939e-01
1.667199999999999989e+02 4.492268085479736328e+00 3.610489606857299805e+00 -1.986532360315322876e-01 4.866203600104391028e-03 1.210994845973350142e-03 4.666406199575404840e-02 9.988980522916548477e-01
1.669019999999999868e+02 4.775891780853271484e+00 3.658138990402221680e+00 -2.008773535490036011e-01 4.981394431158898614e-03 1.187484675164933012e-03 4.670626551382615205e-02 9.988955402600511180e-01
1.671080000000000041e+02 5.238870143890380859e+00 3.701074838638305664e+00 -2.008536309003829956e-01 5.128514099207757276e-03 1.393030102296853243e-03 4.677536894047244764e-02 9.988912967238983143e-01
1.673180000000000121e+02 5.739594936370849609e+00 3.744698047637939453e+00 -1.987278461456298828e-01 5.833964405894690765e-03 1.557316230989483179e-03 4.670009674552287604e-02 9.988907050270446897e-01
1.675070000000000050e+02 6.189497947692871094e+00 3.787634611129760742e+00 -2.013199627399444580e-01 5.528493809879623209e-03 1.187296514903659434e-03 4.659730094033048831e-02 9.988977513380716822e-01
1.677129999999999939e+02 6.657396793365478516e+00 3.836630105972290039e+00 -2.010414898395538330e-01 5.251061169784263481e-03 1.039593356369778203e-03 4.678565279041479313e-02 9.988906087731624917e-01
1.679199999999999875e+02 7.148211002349853516e+00 3.880486726760864258e+00 -2.051645964384078979e-01 5.359572214738970476e-03 6.067634124459161428e-04 4.680918777764665056e-02 9.988892865395209153e-01
1.681210000000000093e+02 7.625765323638916016e+00 3.915552377700805664e+00 -2.067162394523620605e-01 5.830457927518700560e-03 1.013689209870887397e-04 4.667965335814541761e-02 9.988928898771183285e-01
1.683230000000000075e+02 8.083474159240722656e+00 3.951025009155273438e+00 -2.131984978914260864e-01 6.742165885600886512e-03 -1.122272179821068088e-03 4.661546588009956443e-02 9.988895244445739063e-01
1.685250000000000057e+02 8.508654594421386719e+00 3.977246284484863281e+00 -2.260452955961227417e-01 7.364631864802658259e-03 -4.069757330083399217e-03 4.589399438836583300e-02 9.989108771816687105e-01
1.687249999999999943e+02 8.809072494506835938e+00 4.028849124908447266e+00 -2.238266170024871826e-01 7.895911015095020968e-03 -4.615967550334615019e-03 3.620520559482005157e-02 9.993025220225619787e-01
1.689060000000000059e+02 8.989705085754394531e+00 4.069244861602783203e+00 -2.214200198650360107e-01 7.819664652228787080e-03 -3.876498188281159250e-03 2.909315157099170990e-02 9.995386006244031396e-01
1.691090000000000089e+02 9.040505409240722656e+00 4.106222152709960938e+00 -2.238069772720336914e-01 7.348574715526682254e-03 -4.363913136484162160e-03 2.366770501779012770e-02 9.996833470909566310e-01
1.693009999999999877e+02 9.084695816040039062e+00 4.244350910186767578e+00 -2.243236601352691650e-01 6.545027163299839065e-03 -3.581178075959254477e-03 -3.343582695101592929e-04 9.999721126049302411e-01
1.695080000000000098e+02 9.175152778625488281e+00 4.576519966125488281e+00 -2.124550044536590576e-01 5.417117924996108294e-03 -1.240255736292138374e-03 -5.098120577397059067e-02 9.986841508990352834e-01
1.697050000000000125e+02 9.321954727172851562e+00 5.119625091552734375e+00 -1.919104009866714478e-01 4.481615677339688235e-03 4.672843089749824201e-04 -1.218748386351232588e-01 9.925352489831068548e-01
1.699099999999999966e+02 9.591139793395996094e+00 5.867771625518798828e+00 -1.613632738590240479e-01 4.766737048724635495e-03 1.345429042566574813e-03 -2.207735723130560268e-01 9.753125128935502541e-01
1.701229999999999905e+02 8.853702545166015625e+00 6.789334297180175781e+00 1.351033058017492294e-02 6.975074853924576393e-03 1.369282900901354176e-02 -3.393043988812117773e-01 9.405511042279263156e-01
1.703000000000000114e+02 9.264559745788574219e+00 7.190131187438964844e+00 1.155551597476005554e-01 7.253200034309400385e-03 2.298864079785388134e-02 -4.099633150807043269e-01 9.117834138497852292e-01
1.705109999999999957e+02 9.260035514831542969e+00 7.261209011077880859e+00 3.069276548922061920e-02 2.630100020737501099e-02 2.448955172306623018e-03 -4.222484438077405700e-01 9.060952001355029317e-01
1.707009999999999934e+02 9.451972007751464844e+00 7.514173030853271484e+00 -5.465933308005332947e-02 2.988810695291274980e-02 -1.269085978302351980e-02 -4.585303209025306526e-01 8.880853494759165523e-01
1.709130000000000109e+02 9.427973747253417969e+00 7.497649669647216797e+00 -5.691667273640632629e-02 3.206477969097032421e-02 -1.437256919533223126e-02 -4.584495097830389443e-01 8.880255211072407562e-01
1.711090000000000089e+02 9.448417663574218750e+00 7.496253967285156250e+00 -4.521420598030090332e-02 3.495019606914423482e-02 -1.649668015697893300e-02 -4.593847119360656150e-01 8.873962078902211115e-01
1.713189999999999884e+02 9.443201065063476562e+00 7.497986793518066406e+00 -4.722250625491142273e-02 3.476867138089596160e-02 -1.611490963260782047e-02 -4.593699427071171182e-01 8.874179989808635982e-01
1.715089999999999861e+02 9.441289901733398438e+00 7.726550102233886719e+00 -1.957665570080280304e-02 4.359793058200295279e-02 -2.422949320520747032e-02 -4.752547705789059718e-01 8.784332957885745419e-01
1.717210000000000036e+02 9.435398101806640625e+00 7.829712390899658203e+00 7.696954067796468735e-03 5.431721248543378705e-02 -2.950163546356584718e-02 -4.816411184518191724e-01 8.741859796114714865e-01
1.719159999999999968e+02 9.680797576904296875e+00 7.691589355468750000e+00 -1.877222396433353424e-02 4.738341525403366034e-02 -3.198002308500434016e-02 -4.909673245931516217e-01 8.693003947222094352e-01
1.721090000000000089e+02 9.837387084960937500e+00 7.681115627288818359e+00 -7.275631278753280640e-02 2.997703522980485827e-02 -2.650283887904887961e-02 -4.950144089321512064e-01 8.679629668596093861e-01
1.723240000000000123e+02 1.002969837188720703e+01 7.572299003601074219e+00 -8.973636478185653687e-02 2.449046624495403168e-02 -2.722209964529934828e-02 -4.992263850716783802e-01 8.656975169204719212e-01
1.725229999999999961e+02 1.029364585876464844e+01 7.396919727325439453e+00 -1.379430741071701050e-01 1.238572560669252628e-02 -2.656567676914485532e-02 -5.067250182598269648e-01 8.616093166212696053e-01
1.727019999999999982e+02 1.050897502899169922e+01 7.119888782501220703e+00 -1.855346858501434326e-01 2.481570361231186239e-03 -2.869044759869463987e-02 -5.126963977900359515e-01 8.580868858794251652e-01
1.729089999999999918e+02 1.073986148834228516e+01 6.802297115325927734e+00 -2.389610409736633301e-01 -6.301077495303829615e-03 -3.249465839193409894e-02 -5.200139202702142027e-01 8.535162074170548063e-01
1.731250000000000000e+02 1.105833435058593750e+01 6.463866710662841797e+00 -2.372254431247711182e-01 -2.586570031686221197e-02 -2.976092409676266842e-02 -5.224236801244698247e-01 8.517738851298686242e-01
1.733180000000000121e+02 1.130355930328369141e+01 6.147350311279296875e+00 -2.411552518606185913e-01 -3.886223112572076421e-02 -3.289515803885392081e-02 -5.237307019970193211e-01 8.503609747367520955e-01
1.735180000000000007e+02 1.151924896240234375e+01 5.856819152832031250e+00 -2.943864464759826660e-01 -5.069480979458911019e-02 -4.041153343980306845e-02 -5.260242110361657009e-01 8.479949726435371815e-01
1.737059999999999889e+02 1.166802597045898438e+01 5.567023277282714844e+00 -3.845020830631256104e-01 -5.938404058741311720e-02 -5.631267542890054656e-02 -5.250761185624226446e-01 8.471112607119400950e-01
1.739190000000000111e+02 1.180060577392578125e+01 5.214950561523437500e+00 -5.134800672531127930e-01 -6.747126213503892855e-02 -8.069644097619589618e-02 -5.222593591047132167e-01 8.462747042345142301e-01
1.741189999999999998e+02 1.188762855529785156e+01 4.864815711975097656e+00 -6.148795485496520996e-01 -6.892326235408999247e-02 -1.060022253480066429e-01 -5.184597228349134834e-01 8.457024464465527913e-01
1.743100000000000023e+02 1.215978050231933594e+01 4.548825263977050781e+00 -6.242704391479492188e-01 -8.913623881240853586e-02 -9.848263271032667299e-02 -5.182088374113793527e-01 8.448760280736854478e-01
1.745169999999999959e+02 1.263870811462402344e+01 4.127072811126708984e+00 -4.314146339893341064e-01 -1.092869948953038572e-01 -5.908030687126213792e-02 -5.222358823872113032e-01 8.437034747077923891e-01
1.747129999999999939e+02 1.315435314178466797e+01 3.763256311416625977e+00 -2.678733170032501221e-01 -1.336564076681354407e-01 -1.777167176191007947e-02 -5.266475711895144407e-01 8.393226245802154484e-01
1.749079999999999870e+02 1.373241519927978516e+01 3.352072477340698242e+00 -8.402003347873687744e-02 -1.521260024852366666e-01 3.232229225385238602e-02 -5.302259892395635443e-01 8.334706648264501583e-01
1.750999999999999943e+02 1.402758598327636719e+01 2.941618204116821289e+00 -2.966485358774662018e-02 -1.588010835046230196e-01 4.267713658947831779e-02 -5.209456247719974620e-01 8.376016558730015049e-01
1.753029999999999973e+02 1.436678028106689453e+01 2.705115318298339844e+00 -1.043480262160301208e-01 -1.705019837700562091e-01 3.819773554217409384e-02 -5.351725556026309949e-01 8.264746470761669128e-01
1.755039999999999907e+02 1.457310867309570312e+01 2.582274436950683594e+00 -1.823817491531372070e-01 -1.631087313692476115e-01 1.761114952076618667e-02 -5.585984234884611155e-01 8.130517759896215280e-01
1.757030000000000030e+02 1.484264945983886719e+01 2.527419328689575195e+00 -2.673229873180389404e-01 -1.588417951173858866e-01 9.713355334669687702e-04 -5.987119588179234952e-01 7.850556228698530870e-01
1.759079999999999870e+02 1.521419620513916016e+01 2.469073057174682617e+00 -3.948521614074707031e-01 -1.629101223366770101e-01 -1.961999464709487939e-02 -6.492139021667011622e-01 7.426955345791317331e-01
1.761059999999999945e+02 1.566634464263916016e+01 2.486701011657714844e+00 -5.502079725265502930e-01 -1.662231233299350797e-01 -3.344975965783032745e-02 -6.973963667132241362e-01 6.963399274380787096e-01
1.763079999999999927e+02 1.590142917633056641e+01 2.277813673019409180e+00 -5.984791517257690430e-01 -1.745613663094912060e-01 -4.040931020259302953e-02 -7.155267301816671255e-01 6.752161990330549646e-01
1.765029999999999859e+02 1.593528747558593750e+01 2.197191476821899414e+00 -6.251310706138610840e-01 -1.759497187412413788e-01 -5.067666018243492665e-02 -7.208674933832645015e-01 6.684486738493546909e-01
1.767030000000000030e+02 1.596712779998779297e+01 2.101970195770263672e+00 -6.003509163856506348e-01 -1.801532585726330904e-01 -4.420449430322392903e-02 -7.213007094339504155e-01 6.673200526577467429e-01
1.769000000000000057e+02 1.597610759735107422e+01 1.915818691253662109e+00 -5.609677433967590332e-01 -1.839385793792560342e-01 -4.548477201170890438e-02 -7.217771221152782246e-01 6.656842498677361109e-01
1.771040000000000134e+02 1.595487594604492188e+01 1.938099980354309082e+00 -5.281842350959777832e-01 -1.850647444662172902e-01 -4.409473181836806588e-02 -7.180854271184338167e-01 6.694475441299763130e-01
1.773089999999999975e+02 1.593763351440429688e+01 1.891363739967346191e+00 -4.429756999015808105e-01 -1.808274471226745117e-01 -3.948816641723947030e-02 -7.160487567592879188e-01 6.730648535049047476e-01
1.775099999999999909e+02 1.596160316467285156e+01 1.822438359260559082e+00 -2.705127596855163574e-01 -1.689110462082278608e-01 -3.586980899140408685e-02 -7.126955202924748489e-01 6.798878662153050589e-01
1.776999999999999886e+02 1.635874748229980469e+01 1.695756316184997559e+00 -5.525647848844528198e-02 -1.481810433420920892e-01 -3.258855093575295514e-02 -7.071728718232381805e-01 6.905699776990240624e-01
1.779130000000000109e+02 1.624863815307617188e+01 1.848847746849060059e+00 4.948362708091735840e-01 -1.148236663778465505e-01 -2.189690730594357621e-02 -7.100219028063432525e-01 6.944097843674464920e-01
1.781179999999999950e+02 1.567775726318359375e+01 1.791036605834960938e+00 2.039920389652252197e-01 -3.238412476611494950e-02 2.683449015205557550e-02 -7.122153542045833730e-01 7.006999841848519095e-01
1.783259999999999934e+02 1.530056953430175781e+01 2.026409387588500977e+00 9.633290767669677734e-02 4.779429004807374953e-03 5.899324641915208722e-02 -7.142877610403777222e-01 6.973449278249905792e-01
1.785099999999999909e+02 1.531575107574462891e+01 1.751736879348754883e+00 1.615221500396728516e-01 3.255932195724679096e-03 4.618341149107842158e-02 -7.145272836838483244e-01 6.980739590329694266e-01
1.787129999999999939e+02 1.534648036956787109e+01 1.717834830284118652e+00 2.340329885482788086e-01 1.531939083051832295e-03 3.921787630683554182e-02 -7.141435747677565837e-01 6.988981084239370700e-01
1.789190000000000111e+02 1.535784912109375000e+01 1.723787665367126465e+00 2.831527292728424072e-01 3.099730628328786763e-03 3.894646374338718575e-02 -7.144609815506809403e-01 6.985836173813085859e-01
1.791140000000000043e+02 1.536501121520996094e+01 1.710220336914062500e+00 3.169445991516113281e-01 3.263224303551207073e-03 3.806447183644448562e-02 -7.144495541320999843e-01 6.986431721210769608e-01
1.793259999999999934e+02 1.537202548980712891e+01 1.698152303695678711e+00 3.505008220672607422e-01 4.763371252966466102e-03 3.815550945827197310e-02 -7.148300722408956753e-01 6.982402417594977262e-01
1.795190000000000055e+02 1.532280445098876953e+01 1.741783738136291504e+00 1.379156857728958130e-01 4.575296628421370027e-04 4.110542001780932014e-02 -7.138194964511385132e-01 6.991222079136164558e-01
1.797210000000000036e+02 1.533011054992675781e+01 1.741994142532348633e+00 1.872853040695190430e-01 1.223084059619031216e-03 4.041220720840464631e-02 -7.139585174021457759e-01 6.990197372055083624e-01
1.799139999999999873e+02 1.585597515106201172e+01 -4.095894396305084229e-01 1.316363811492919922e+00 6.852757818534119076e-03 1.320391091284634118e-02 -7.168356486062126276e-01 6.970834593749851704e-01
1.801049999999999898e+02 1.585125732421875000e+01 -4.191904067993164062e-01 1.313016176223754883e+00 6.384511262108033894e-03 1.298987726366003168e-02 -7.169041694498876627e-01 6.970214580125820847e-01
1.803240000000000123e+02 1.596152400970458984e+01 -1.888944387435913086e+00 1.468438744544982910e+00 5.605426425993989374e-03 6.199556850765647331e-03 -7.253792941269613381e-01 6.882986447330170510e-01
1.805140000000000100e+02 1.594160938262939453e+01 -1.869258761405944824e+00 1.436025977134704590e+00 5.484681315401938005e-03 7.224419148800788684e-03 -7.233464299720666624e-01 6.904257152550860033e-01
1.807170000000000130e+02 1.594338226318359375e+01 -1.871137857437133789e+00 1.436239957809448242e+00 5.381861738160612432e-03 7.102327657294177712e-03 -7.233826647539438603e-01 6.903898267207904116e-01
1.809180000000000064e+02 1.594178581237792969e+01 -1.868898272514343262e+00 1.436914920806884766e+00 5.582046623879112664e-03 7.178594562045907158e-03 -7.233916738183436834e-01 6.903780086198411103e-01
1.811129999999999995e+02 1.594235229492187500e+01 -1.868570566177368164e+00 1.437616825103759766e+00 5.526516286683540169e-03 6.897561976988107572e-03 -7.233837206188322710e-01 6.903896537464634386e-01
1.813079999999999927e+02 1.594367313385009766e+01 -1.871158719062805176e+00 1.438081026077270508e+00 5.495548029129146417e-03 6.893961593841853829e-03 -7.234134355667816152e-01 6.903588005427815366e-01
1.815029999999999859e+02 1.594251060485839844e+01 -1.870496273040771484e+00 1.438970208168029785e+00 5.359578413810411543e-03 6.996418823359527167e-03 -7.233998768153482306e-01 6.903730464512743970e-01
1.817199999999999989e+02 1.594294834136962891e+01 -1.869670987129211426e+00 1.436996817588806152e+00 5.510474235649607047e-03 7.036501809910037167e-03 -7.233688381293686964e-01 6.904039732934222906e-01
1.819079999999999870e+02 1.594185829162597656e+01 -1.867096662521362305e+00 1.438297748565673828e+00 5.774786459536797138e-03 7.298349150078054133e-03 -7.234129749857666214e-01 6.903528471464956962e-01
1.821080000000000041e+02 1.594381141662597656e+01 -1.871253609657287598e+00 1.436660766601562500e+00 5.568374987811441218e-03 6.869069762485889748e-03 -7.234584992754241606e-01 6.903112406058186101e-01
1.823060000000000116e+02 1.594294643402099609e+01 -1.871891260147094727e+00 1.438846468925476074e+00 5.511125240847428337e-03 6.910046240331032402e-03 -7.234873271708019971e-01 6.902810776653125480e-01
1.825190000000000055e+02 1.594323158264160156e+01 -1.871415138244628906e+00 1.439980626106262207e+00 5.532340984675432512e-03 7.199600388256108263e-03 -7.235021935003453919e-01 6.902623667546039510e-01
1.827019999999999982e+02 1.594536495208740234e+01 -1.876074194908142090e+00 1.436537146568298340e+00 5.696084578636999123e-03 7.105391674872716702e-03 -7.234902168019525792e-01 6.902745643738319448e-01
1.829099999999999966e+02 1.594276237487792969e+01 -1.874161481857299805e+00 1.438683032989501953e+00 5.615463769364529775e-03 7.118035384484936064e-03 -7.234347031186828536e-01 6.903332749205295382e-01
1.831020000000000039e+02 1.594429016113281250e+01 -1.874294877052307129e+00 1.436373233795166016e+00 5.583134935528658027e-03 7.004117670705966268e-03 -7.235117800799089061e-01 6.902539206882840617e-01
1.833209999999999980e+02 1.594463157653808594e+01 -1.869010329246520996e+00 1.436064362525939941e+00 5.481979179229992498e-03 6.880023280211347049e-03 -7.234850451318789455e-01 6.902840014475675190e-01
1.835070000000000050e+02 1.594536304473876953e+01 -1.871845006942749023e+00 1.436499357223510742e+00 5.603479662260618492e-03 6.939033951216488222e-03 -7.234658122864030538e-01 6.903025925463943668e-01
