118.517 -0.05759218569789065 -0.15358629616306974 0.9121321401157809 0.018799913817428213 -0.011156873535805332 -0.011534025147370008 0.9996944801674476
118.722 -0.05773701253765043 -0.15365638368756143 0.9121370700819174 0.018799971452650856 -0.011153524282619471 -0.01156094649011875 0.9996942054877127
118.9 -0.057867070233279666 -0.15372322280314593 0.912128307505138 0.01880987616621937 -0.011146339462848202 -0.01158946179594344 0.9996937691365647
119.123 -0.058000238755245404 -0.15378715811192634 0.9121264644026257 0.018816217467415373 -0.011136809739825419 -0.011619370546831185 0.9996934088294939
119.323 -0.05813181771348268 -0.15385129801264222 0.9121107402799029 0.01882408252379563 -0.011130746862114828 -0.011647613425957083 0.999692999621838
119.524 -0.058260628424108105 -0.15391963309856935 0.9121054558748114 0.01883441455663064 -0.011121818766935144 -0.011678684631878478 0.9996925418852007
119.723 -0.05838886658702307 -0.1539877435631213 0.9120932325757514 0.01883634882905079 -0.011109897347242223 -0.011709639424913574 0.9996922758970695
119.914 -0.058527925758266194 -0.1540546702591674 0.9120885995556927 0.018845359183958573 -0.011107273873063567 -0.01173742881389811 0.9996918093438472
120.107 -0.058652203183459886 -0.15412628960001232 0.9120874155471868 0.01885147671282946 -0.011096893878934908 -0.011764158697166563 0.9996914950834248
120.305 -0.05879375194118587 -0.15419457475576712 0.9120815198012039 0.0188563278551821 -0.011093047724844861 -0.011793901485302079 0.9996910958289802
120.518 -0.05892909345939598 -0.15427679243205464 0.9120592351695773 0.018860958642148484 -0.011085213218568825 -0.011817829008842054 0.9996908128038968
120.718 -0.059062220100839835 -0.15434331452330086 0.9120800043015944 0.018866735035810486 -0.011077138176593103 -0.011847636033240915 0.9996904405061245
120.909 -0.05919174063259541 -0.15442988467332472 0.9120655067597603 0.018872024366927108 -0.011071027408295887 -0.011873789196581344 0.9996900980696639
121.122 -0.059321785668565344 -0.1545177860630314 0.9120479493039723 0.0188762939826689 -0.011062077405232832 -0.011901885230563465 0.9996897824309896
121.309 -0.059451657693143437 -0.15458612859952292 0.9120461661233598 0.018880238029617708 -0.011051830291361114 -0.011928317449756715 0.9996895062478017
121.507 -0.059588551326027306 -0.1546458238654792 0.9120404561323423 0.01888699704744484 -0.011047471192225308 -0.011956304814309386 0.9996890924172246
121.722 -0.05972045223705626 -0.15473065234755934 0.9120210828816278 0.018899179690896568 -0.011039969208431569 -0.01198166380962372 0.9996886414375435
121.905 -0.05985412408053749 -0.1548019623298696 0.9120155446034743 0.0189028358203843 -0.011033071793529867 -0.012009870407552517 0.9996883099934402
122.12 -0.05997639335934746 -0.15489213690397943 0.9120063501872102 0.01890723250551966 -0.011021084598930777 -0.012038284215310389 0.9996880173166011
122.3 -0.060117680611569746 -0.1549381721529224 0.9120176654288225 0.018912780630726888 -0.011018983231460906 -0.012067580330906354 0.9996875823187542
122.513 -0.06023883549918599 -0.15502460589393224 0.9120016643784215 0.01892669889764624 -0.011007701921456482 -0.012095893816716486 0.9996871010071208
122.716 -0.06037177856289719 -0.15511040053729883 0.9119960848742646 0.01893851777950761 -0.010998607567900826 -0.012120159684603964 0.9996866833688955
122.903 -0.060509781611788285 -0.1551936135459118 0.9119792586769196 0.01893370155073512 -0.010995188918787695 -0.012144985752155736 0.999686510905948
123.106 -0.06064753538859667 -0.15525813522540152 0.9119777622642676 0.01893448942768423 -0.010988604971120032 -0.012172393217478778 0.9996862350329032
123.32 -0.06076728343805861 -0.15534028575708042 0.9119714441137889 0.01894542973740417 -0.010973157179017512 -0.012197572618068668 0.9996858905355305
123.511 -0.0609183508343063 -0.1553962985902935 0.9119552630928482 0.018948598462745443 -0.010975576836466472 -0.012227423857467645 0.9996854392433725
123.711 -0.061040888733258844 -0.15546969002940683 0.9119555751233476 0.018959260075364866 -0.010962971970026457 -0.012255499752754426 0.999685031611852
123.927 -0.06117854854059722 -0.15552838142568837 0.9119378662162596 0.018965502453240458 -0.010958100153338625 -0.01228283900562354 0.9996846310830668
124.111 -0.06130860029002287 -0.15560143593853604 0.9119290181073196 0.018971259714692466 -0.010949863412845613 -0.01231187799317212 0.9996842548806893
124.302 -0.06142816350812745 -0.15570029488092868 0.9119315064630191 0.018979907643665094 -0.010934830854175896 -0.012336985408124787 0.9996839457403867
124.506 -0.06156442523810396 -0.15575687117700718 0.9119211349336203 0.018983310179750974 -0.010929485040817703 -0.012366095003347996 0.9996835799320354
124.712 -0.061700551515031885 -0.15582429157829544 0.9119149297031307 0.01899352514052306 -0.010925489140637039 -0.012396178822519269 0.9996830569937526
124.908 -0.06184257747714035 -0.15588764397654917 0.9119124564785168 0.018993463594303865 -0.010920939266643092 -0.012425177645315158 0.999682747868897
125.118 -0.06197093090114929 -0.15597953461089253 0.9119085251982535 0.018993789270635657 -0.010910885887660135 -0.01244881737607594 0.9996825573571975
125.313 -0.062098760252357124 -0.1560757022724823 0.9118980459496054 0.019003651411267503 -0.010906257933617306 -0.0124729658994292 0.9996821194222671
125.515 -0.06222360864895736 -0.15615472348178122 0.9118826410425158 0.01901585650698067 -0.010890407255365804 -0.012504243340940992 0.9996816693976082
125.725 -0.0623616774219658 -0.15621589794159282 0.9118710930470304 0.01902076454183521 -0.010884168773451712 -0.01253378676622092 0.9996812739946938
125.927 -0.06199327188086014 -0.15636248104897754 0.9111147074699664 0.01865742591078319 -0.010765612086340247 -0.012467327969229844 0.9996902359171556
126.102 0.038181169930499574 -0.1713963098223554 0.9175633565740553 0.020897482954624375 -0.010969432951676725 -0.01165154120201399 0.9996535441514214
126.301 0.06446685082533843 -0.18917932974265278 0.9189559229559036 0.03005047429210819 -0.0028920795101872137 -0.011120683335828068 0.9994823336473088
126.5 0.13160434311730365 -0.1721193365871961 0.9269473695355266 0.014509055864218606 -0.016529956283133102 -0.011047415112899995 0.9996970553435326
126.7 0.3553133677269817 -0.1659296829902041 0.9267169129531556 0.010841737020543186 -0.01980763561940773 -0.010750571582366362 0.9996872208446994
126.925 0.7510865965359965 -0.16044612165985092 0.943440184448196 0.0034700285957738187 -0.030821242250716 -0.010341301061183866 0.9994653908065196
127.105 1.219898748763454 -0.1766321175416359 0.9572491020225512 0.009783164994281224 -0.029756192424567566 -0.01011182489183149 0.9994581580498725
127.321 1.69596652316464 -0.1969911565498148 0.9699808832873811 0.01628884178766725 -0.028128563269262028 -0.009702028669266408 0.9994244984996737
127.517 2.1699325710900936 -0.21450385857010046 0.9813284825962478 0.021976267416959055 -0.026681523409071834 -0.009340948575234794 0.9993587377206967
127.71 2.6478298992958442 -0.2354797408437877 0.9926935079651951 0.029872651929209522 -0.022526438232371777 -0.008908448298722357 0.9992601382003531
127.91 3.1278229098821213 -0.25744184369420586 1.0031303324672365 0.03772474241487929 -0.017441215429153487 -0.008354312836167988 0.9991010225553372
128.106 3.6048572561970857 -0.27563146342752554 1.012989763138402 0.044020020301888986 -0.01256590311852314 -0.00798377999330908 0.9989197140653776
128.315 4.081417735956915 -0.2868382344364666 1.0224058576314343 0.04590800719322355 -0.011084964921780705 -0.007856316447120384 0.9988532708662032
128.518 4.553397659877073 -0.29513896135230555 1.0319958116418397 0.0461486473135966 -0.010929967562577544 -0.00783924944771581 0.9988440240239228
128.715 5.019095964109054 -0.3009271511865246 1.0476116768053185 0.04361953054344476 -0.014458437352741882 -0.007842795340568493 0.9989127993502396
128.91 5.4862029957013965 -0.3061182974837423 1.0712191082515123 0.041786865992371115 -0.019319999831239883 -0.0077395632178710715 0.9989097529798442
129.112 5.939247781366881 -0.31061364847440903 1.109198357056245 0.04180912551183623 -0.02588795795317178 -0.008352780985773871 0.9987552461473002
129.318 6.387067267224149 -0.32547211101402196 1.1538839137016406 0.044308654409655354 -0.034541487599329256 -0.00987058491520237 0.9983717746071666
129.511 6.8284034826637985 -0.33641436580497275 1.209040129360767 0.04511198794700969 -0.04598673013077709 -0.011724955645903527 0.9978540247002312
129.703 7.260251937235414 -0.35258111843338885 1.2707237184003453 0.04585493508051791 -0.06016804454840194 -0.012766087266002037 0.9970527359973994
129.905 7.709328653528991 -0.3708519085428722 1.313141765540996 0.04580476179509839 -0.06971682679931479 -0.013234272414527024 0.9964267870202941
130.111 8.169514042604284 -0.38470329984957397 1.3466406830748703 0.042691070860882266 -0.07616168546422111 -0.01378200655600237 0.9960858027455719
130.332 8.637057575898375 -0.392126985976991 1.3857459620133559 0.03038496352942559 -0.0715821060156984 -0.01476938784897103 0.9968623883326321
130.506 9.147163473009277 -0.3759813479730393 1.3890749705305545 0.0037500899353455235 -0.048115929854755955 -0.016051814769794413 0.9987057291125776
130.708 9.67762628499036 -0.3318163177748823 1.392198071124174 -0.027171915544751915 -0.01637274621150367 -0.017123579798964738 0.9993499903447195
130.914 10.143259842012814 -0.3391950049788026 1.4042417293811842 -0.026699540322919848 -0.0234327401056528 -0.017213471050342048 0.9992205650666347
131.11 10.61514976307783 -0.3512961956140931 1.4232385713237317 -0.028302861752384976 -0.023084061466189472 -0.0171823645924625 0.9991850881943057
131.304 11.102859992863955 -0.37284079702323325 1.4315220110721132 -0.0251205362336142 -0.011477637972465133 -0.0173343437245767 0.9994682301171695
131.514 11.628194284713576 -0.41657038791341133 1.4117752710651987 -0.009236797942039066 0.02197641940996205 -0.01807304657600163 0.9995524416163253
131.711 12.12084045191649 -0.4786019689253293 1.3933690628783366 0.01351220599898955 0.04141162489228352 -0.020892114696113344 0.998832326847878
131.909 12.462380517080991 -0.493988630551404 1.3502857241667443 0.0027274554452163045 0.03654850298081924 -0.02636430523794034 0.9989803257952463
132.114 12.61609508807542 -0.49261756639107884 1.3408510320048905 0.0024153951431712156 0.03510469419115569 -0.02643574860738899 0.9990310192920012
132.315 12.631818970392592 -0.49283227783431066 1.339489309128479 0.0024092256876962932 0.03485067687414264 -0.026445110172893777 0.999039679943166
132.5 12.628569717417065 -0.49125353614074463 1.3390767264306782 0.0021831557288638026 0.0338040669871575 -0.02608816406995474 0.9990855451770136
132.7 12.538239146787996 -0.48489262407531 1.346973278934052 0.001793184710275202 0.0345501195137232 -0.02685255276622824 0.9990405467948332
132.917 12.523190117389607 -0.4845124617721218 1.3486697591795196 0.0028151846174663234 0.03639659281313772 -0.02740329056108229 0.9989576679887838
133.107 12.383821532666472 -0.46535279292398624 1.3539696681680127 0.005625593710161407 0.036279546426590314 -0.02874528194999153 0.998912336480086
133.308 12.058208967089259 -0.4457237230271158 1.3825683404897702 0.009334408418416441 0.04087696259816118 -0.029185100785474358 0.9986942338075095
133.517 11.596709147119054 -0.4270090625845424 1.4185101213265523 0.009161759222989778 0.0421218425866478 -0.030553452521224718 0.9986031739805753
133.724 11.109854723280801 -0.378786551825896 1.4423936214133575 -0.0029093284997546882 0.031608740026707986 -0.03028219096157592 0.9990372426852621
133.916 10.577890265608396 -0.31317017186990076 1.4175479863751825 -0.024695262634905134 -0.006444415531865466 -0.029328749100431897 0.9992439331755033
134.108 10.055844867952132 -0.28755535309910857 1.4138267739130117 -0.019168139562240855 -0.03139802597120077 -0.025834076022258963 0.9989891625572873
134.3 9.603905029636355 -0.25510020905596803 1.385783046889242 -0.025680524104530703 -0.01836609879670519 -0.02514391867538715 0.9991851582416302
134.524 9.139299107870194 -0.2265760020613959 1.376662877342852 -0.02582812920283208 -0.01421608450467471 -0.02513633282131944 0.999249205881863
134.731 8.671418106856615 -0.20548268660810887 1.368506077177695 -0.024949642120746237 -0.012993555610220066 -0.024842448738826246 0.9992955196593797
134.929 8.184333469749179 -0.20251847379859547 1.3489893415757654 -0.012778201282331703 -0.02094783019437791 -0.024233248088983105 0.999405150911878
135.112 7.686742732745459 -0.2237075918328134 1.3145897948221044 0.014229411487177273 -0.03987938876609232 -0.023674621886417054 0.9988226421537042
135.318 7.180392469198328 -0.26046891648044473 1.2639792997949753 0.045777338390621376 -0.058165176114638846 -0.023782307315279236 0.9969732440924305
135.518 6.7477227896241745 -0.2740351540731885 1.2015079456993765 0.04651440196409301 -0.045516175730840394 -0.021595961438092615 0.9976463815432433
135.717 6.477154136213736 -0.2720069672892652 1.1717723683398602 0.04570278545032443 -0.03888460183722169 -0.021841532781316127 0.9979590124788718
135.917 6.3671728621591 -0.2713018867796627 1.159681230376419 0.04542912026096259 -0.036308910880810084 -0.021922645755291705 0.9980667591028428
136.107 6.361931931308456 -0.2712837305380938 1.1846306921387995 0.038400611206905036 -0.034641529056535954 -0.012837566915070807 0.9985792679598663
136.312 6.343443961486264 -0.272722276483839 1.158394512893736 0.040587961436037844 -0.03266819933482276 0.0005802687283765112 0.9986416121046078
136.51 6.351121947568603 -0.28185945045370686 1.1855738883033686 0.04107557862496054 -0.03900198750710398 0.008470502715791518 0.9983585990989722
136.713 6.448122995184548 -0.2953068746885284 1.238892937398357 0.05078568721280317 -0.05291178447901177 0.06646635870909806 0.9950896342528764
136.925 6.5528006619522055 -0.2590372842445928 1.2097870479063069 0.029599781357097225 -0.042608678973050096 0.11639682301956666 0.9918468294100331
137.123 6.61044581916456 -0.2120671667391596 1.1930148248898966 0.02018118000561222 -0.03429264546629554 0.16147394010948055 0.9860744906476508
137.301 6.6129857622387185 -0.19661194293116846 1.1948399892086081 0.0193040608673453 -0.039553590800040096 0.22787346538836306 0.9726955075771406
137.523 6.563244983659864 -0.22451691579175143 1.1538403773585495 0.03727945445710806 -0.046140003136734976 0.3006657759277329 0.9518830986900108
137.706 6.492090186732561 -0.23747730089182345 1.13341535750937 0.0356643172943584 -0.04406906974487376 0.3871773078754287 0.9202606727607587
137.904 6.4380614833139 -0.16041910869510065 1.1193223754398782 0.026909385184577396 -0.04274404619750124 0.49750018105366517 0.8659921485528749
138.122 6.365931276675139 -0.08886103754858174 1.139647666488422 0.022585118202520987 -0.03875643996175189 0.5940711239570684 0.8031608496918005
138.309 6.250610051257246 -0.03610457702745745 1.1494294083713734 0.018917099709951576 -0.03675339062678155 0.6498699321460735 0.7589205511174784
138.504 6.153189680259926 -0.015948059475507412 1.1411658936571034 0.01589301991232102 -0.0501631545128329 0.666675638455665 0.7434881726948449
138.706 6.149693398229292 -0.01629983897146213 1.1393784552531336 0.01593518918747982 -0.049209355448685946 0.6666844286510958 0.7435431269778817
138.909 6.152789290529612 -0.013893981500562771 1.1388247694330411 0.016398766852851673 -0.046824589524381705 0.6667301913614497 0.7436460113445801
139.119 6.186572499250443 0.07997605680940173 1.1540081951142924 0.015003116065482816 -0.05038875234813135 0.6669880026554302 0.7432111977485566
139.319 6.214660337157334 0.12494011745514369 1.1622192781161838 0.01871531462827641 -0.030302563273574154 0.6678101406792353 0.7434790566407339
139.524 6.223075732489987 0.17745139481575778 1.1664127563614406 0.015554448146233855 -0.05001594456761932 0.6684469663043446 0.7419131469858135
139.705 6.25545925340982 0.39210353374391815 1.1798397993925223 0.016698773434466133 -0.05199723473050571 0.6677434505128589 0.7423854274184981
139.927 6.305640343241621 0.7759300197460804 1.2105130390989816 0.01948682196727709 -0.049522838717511536 0.6674942126255062 0.74271072991201
140.115 6.354619719033278 1.2357174856495972 1.237781195411258 0.02393443252544975 -0.04803093852114098 0.6675585419648139 0.7426208756386228
140.305 6.408713295044464 1.7025047505759519 1.2751298673528222 0.027715804990514167 -0.047028648606019775 0.6678808422679097 0.7422636464865613
140.519 6.4681150322378 2.1724234889874356 1.3155406548252677 0.0305327290532752 -0.04081169600512496 0.6683238048846197 0.742122260648668
140.702 6.516638816159008 2.628931449020806 1.3643482978243235 0.03332166502907481 -0.043655897438432026 0.6681014769833656 0.7420405957298971
140.907 6.562052050695402 3.098557458272103 1.4169770769258168 0.0312395708530879 -0.044430585742840485 0.6680837761359185 0.7421011254050452
141.111 6.604105401679928 3.5665701254194664 1.4708666082058484 0.027647901789875945 -0.04548438831914437 0.6678921475341439 0.7423522366155303
141.301 6.652940041386631 4.030019720408038 1.5205968510794077 0.02804039602706098 -0.04564418724055837 0.6678807401299828 0.7423379697450624
141.512 6.69784924383818 4.500376473859955 1.569273169633401 0.024645531669446476 -0.04582497343642688 0.6678161297879533 0.7425054116794845
141.707 6.738452882635778 4.975602409898755 1.6144752937029043 0.016779331602659164 -0.04510607031319119 0.6676804612681972 0.7428907713066283
141.911 6.709855710758749 5.284425836268601 1.6512332338892706 -0.0015115710608011406 -0.04013914412349226 0.66171395594521 0.7486796409475166
142.114 6.676312330788923 5.3221805345899655 1.646621462575104 0.0021152423381290953 -0.04111118277451415 0.653530825963024 0.7557796344946184
142.312 6.699718643658074 5.28022831711828 1.6503184632959922 0.030625114634794157 -0.04650164173319451 0.6540041047564151 0.7544390834464261
142.506 6.6531505500282915 5.230169431314161 1.637145416932567 0.0039280866577793725 -0.04132500022498121 0.6511032340895968 0.7578531474168871
142.717 6.592510184132903 5.065291802213703 1.6214936129012707 0.005803523207612246 -0.04159102772119084 0.6429996703803221 0.7647142795987734
142.912 6.595456316815004 4.935325058688894 1.6222859197987045 0.03926456971745444 -0.045366949635313035 0.6368707100205515 0.7686324428253136
143.102 6.492633295622024 4.621311798485002 1.5981983868863399 0.0018716008980430802 -0.039341457793144186 0.6298577412504832 0.7757112688337253
143.314 6.403147219503494 4.155379527637524 1.5391068733298396 0.010982453255202087 -0.040753685930440216 0.6298359510805722 0.7755805551520819
143.509 6.3535895356478935 3.6205120151589427 1.4851203863595948 0.044473978042663814 -0.04093898461963354 0.6317791665579678 0.7727879072026772
143.709 6.24770006301794 3.1642512808911842 1.4163103687501866 0.027241940983615907 -0.04125982774842423 0.6328600754544403 0.7726859828943552
143.907 6.170226172415353 2.6824893163494803 1.3547850927667717 0.03648336574709341 -0.040496791706911804 0.6330298501770023 0.7722060493612394
144.118 6.078338667554824 2.2227514609532433 1.3026821446721377 0.03501010231471936 -0.03985579133718661 0.6331115508062954 0.7722406185046518
144.319 5.986060311589588 1.7683621576787143 1.2611133488421697 0.032776175099033515 -0.03740372659524183 0.6328326508850902 0.7726897951677735
144.521 5.892060274411803 1.3118258948138979 1.2133599605468466 0.03117233724456735 -0.043658470022181727 0.6329171066157663 0.772358828226337
144.705 5.882850237774272 0.9817397937393789 1.18631783947457 0.028870435391813092 -0.04463804694550646 0.6331289637140871 0.7722186594686146
144.901 5.88010101945158 0.8132626089764607 1.179101174780516 0.026281026795151895 -0.04513799129215388 0.6298586426628086 0.7749515853494761
145.118 5.890094618947005 0.7176575295472347 1.1630037116153318 0.029463850896096204 -0.04377131531027051 0.606907450736297 0.7930191042384482
145.307 5.891818427506822 0.7128245910530742 1.1675002295636836 0.02864823038686568 -0.043662159436777745 0.6039442962390882 0.7953138888321332
145.517 5.9031903148297475 0.7203106046774831 1.1683151106368599 0.031124702365309523 -0.040735938593827785 0.5684618332778634 0.8211108209711532
145.721 5.906179092466184 0.7264256852739407 1.1616260412997694 0.03497932209334639 -0.039890789121154374 0.5207413610113166 0.8520643208709439
145.917 5.9214056421103685 0.7255852356102259 1.1590787895415589 0.03844260539310193 -0.03592442800134445 0.45728304808215975 0.8877633781025526
146.126 5.960654808157972 0.7023816307164374 1.1683787339496703 0.03915308116793133 -0.03178856657341687 0.3724309455027867 0.9266885744963974
146.306 6.01130651694437 0.6777457344776597 1.1623884710720016 0.04334024636796491 -0.028056166305467256 0.2640947275530054 0.963113933787539
146.52 6.04566885761758 0.6807710934555328 1.18337708016708 0.04551003177213562 -0.031170828822266745 0.13020572848878975 0.9899513547176628
146.717 6.056229413213515 0.6266701251292276 1.1987791031376536 0.04578537780037594 -0.027888422518716385 0.00358991198476819 0.9985554804821994
146.917 6.037653342794017 0.5359889960079073 1.1874350905478601 0.047836664660995364 -0.024932568560302907 -0.05600894483919531 0.996971924698533
147.113 6.033881521161163 0.5269523494571443 1.186426331363532 0.04782279611992427 -0.024872986695386477 -0.05698735644327282 0.9969186305359785
147.306 6.033268325326731 0.5272995503242133 1.1818553660615303 0.048794715727283146 -0.024375405259566673 -0.05686847897605706 0.9968906115690304
147.506 6.007387312006862 0.5203409022312707 1.188300220007375 0.04890347394523999 -0.027928985221912766 -0.04089522580385124 0.9975750610991703
147.72 5.9974645551392145 0.5234403094013393 1.176519257238446 0.04859225926078952 -0.024861964264515257 -0.038131165091947444 0.9977808824193681
147.903 6.008540895082891 0.5180014566529314 1.1928960552813745 0.04836406748056624 -0.03003257921783592 -0.02308729905651191 0.998111185081369
148.105 6.14209841637938 0.5366864061238867 1.1875649992635542 0.04411134103573101 -0.027048399926874273 0.0390952354545343 0.9978948522856402
148.318 6.194140786241417 0.5466910228749002 1.1850791406037862 0.04553616011480845 -0.028508752719188738 0.06138576220529231 0.9966671948744327
148.516 6.077916112537738 0.5161202295180515 1.2016275362633289 0.032981460498370294 -0.021274022179386898 0.061589635511574294 0.9973296125360247
148.727 5.909081896926926 0.4789174752107669 1.1640348197677415 0.04426215563173151 -0.026886059952319692 0.06085746958949983 0.9968020715037845
148.908 5.855044248293264 0.46044153222762957 1.159055427055251 0.04286535474469694 -0.02383848434866245 0.06112689661118817 0.9969241648878088
149.123 5.611423761174426 0.4017742691074004 1.134324274959345 0.0449409498577116 -0.02158985579698969 0.06118701880012348 0.9968803026857864
149.317 5.169845245413121 0.3441998083718315 1.1081093965242246 0.04640054696532469 -0.018201002961999006 0.060827499655323046 0.996903068516783
149.504 4.708086955051515 0.28416250412415944 1.0872122366136359 0.04814730754593419 -0.014932425813583602 0.06103674268824696 0.9968617634744589
149.73 4.23575424326913 0.23018014040474913 1.072515527501051 0.04652665626776845 -0.01640647524495327 0.06060838947069205 0.9969416838272671
149.918 3.7694904966335536 0.17207603907090774 1.0567312735929262 0.048074777087853744 -0.014077573971535562 0.060451809856677044 0.996913344480894
150.1 3.3031344347572955 0.11651546279693016 1.0397891617350097 0.04677176334758327 -0.013610337043105544 0.060485298191242085 0.9969797839382941
150.324 2.8295568628076957 0.06479746251911092 1.0194211494839842 0.04357852376718615 -0.014244864709975054 0.06025049950335265 0.997129817729499
150.518 2.3713462299951793 0.022742291499259944 1.0079418837920666 0.040798184019730746 -0.01494952316623202 0.06023924298668582 0.9972378119296248
150.719 2.050201881929748 0.05852990067233336 0.9971699510803183 0.018059407852315832 -0.034949993723819066 0.05852912532979271 0.9975102491778509
150.921 1.81228778428036 0.08634753277898775 0.9829810003697691 0.015022360775581146 -0.03804199234801329 0.04240358600062818 0.9982630271572766
151.106 1.7582834907514524 0.08532220731729084 0.991395075548348 0.013398050253278332 -0.0364564697365192 0.045499628399490157 0.9982089970939299
151.316 1.8719901970264683 0.11693744088616566 1.0097107076620082 0.011798982884004746 -0.03467629813546042 -0.0006659897438068498 0.9993287220970809
151.509 2.086342674373887 0.12148509250706173 0.9874175054668971 0.032560871250754714 -0.019745247096524077 -0.08392781064137848 0.9957439618101804
151.7 2.2535860809176884 0.11905726778370165 0.9826759759074838 0.04133016231129421 -0.012348862214053818 -0.1684542307209213 0.9847651981246914
151.903 2.2512745126171017 0.12788608559742837 0.974231865563074 0.038571413031290386 -0.01511094995096718 -0.2875976793610347 0.9568549942987686
152.115 2.26239967716226 0.025658686854063514 0.9746076260043611 0.04058010949624784 -0.013832274416791985 -0.4128306516401848 0.9097982061776508
152.321 2.247809244347867 -0.0926123926912871 0.9822017671102602 0.041478007579474147 -0.015155678956260875 -0.4853600502726118 0.873198432134403
152.52 2.2554218583434245 -0.11200395013219466 0.9827403669410848 0.03947102660367766 -0.009238785441662095 -0.49669816569689684 0.866976132944704
152.719 2.288142259376355 -0.1367923372320074 0.9797284692239858 0.039777576557082486 -0.010338974839430626 -0.49827379900260793 0.8660450745948642
152.916 2.445342479219874 -0.4661671122254831 0.9745965403397048 0.03847233049917364 -0.012345039409088144 -0.48961734475128504 0.8710007666510127
153.109 2.506337567908166 -0.6280107492111366 0.9860188574063465 0.03218798814785034 0.019845059395937004 -0.4880684022563921 0.8719858609836848
153.301 2.630213291453218 -0.9388831031616038 0.9779259409804915 0.03469406757419433 -0.019133939007395406 -0.49845984613379624 0.8660069259800934
153.509 2.834942626045341 -1.3472093600659414 0.948005984746685 0.03395454221612975 -0.014632465170082258 -0.5006782013782208 0.8648435226621111
153.71 3.075680467855629 -1.7580849617137744 0.9347853720399404 0.030762483912892703 -0.013634985609734154 -0.5013453044824452 0.8645927610293391
153.914 3.3082406449467388 -2.163978069044971 0.9198030934464553 0.02786948943631992 -0.014325901648843486 -0.502305602206213 0.8641221800722165
154.116 3.54667877807493 -2.573745863142742 0.9100616952859976 0.024005904232513805 -0.012539925991536395 -0.5031520728565217 0.8637733837056406
154.313 3.7833869349360363 -2.9840894173113868 0.8921735441600417 0.02034170537390401 -0.011125851674587166 -0.5039623494627202 0.8634143737343105
154.516 4.021830822075491 -3.394021612249498 0.8743708435784389 0.0164946881307516 -0.009322466086659353 -0.5043330400160478 0.8633013388369695
154.721 4.259749287194575 -3.803232137976964 0.8633671152375952 0.013200102766644869 -0.005902805750577991 -0.5044327528333201 0.8633298975711541
154.918 4.491013067443821 -4.212687631262894 0.8557138898476226 0.011596350370362657 -0.006753768576757849 -0.5048886738986812 0.8630801458943026
155.102 4.733828674823222 -4.627593069516675 0.8446672679301901 0.007292176581053817 -0.0003023178291701373 -0.5055166366593086 0.8627859890061392
155.308 4.963196154596316 -5.035165921419282 0.8353886420706853 0.005313490682987978 -0.0019490928228493038 -0.5059166664041873 0.8625637915588644
155.506 5.19122352035631 -5.444964841640721 0.8388187811037779 0.003475976685659075 -0.005158162284557217 -0.505677180934222 0.8627003533268925
155.72 5.40482068484189 -5.844679920859068 0.8662362695184312 -0.002433779816101555 -0.012234375799350014 -0.506375467306139 0.8622228730874034
155.91 5.618554910815257 -6.232223726687144 0.9027636130888363 -0.007639971450042919 -0.02197925466938096 -0.5066416798899228 0.8618426488627364
156.112 5.596944081908961 -6.396552139202388 0.9126963792270941 0.0044543539042443 -0.021058698981689692 -0.48881869390171406 0.8721198165508663
156.304 5.569326042381641 -6.415553739765849 0.9274698846990852 0.026962235278700158 -0.016917540812187472 -0.4870686687836718 0.8727834476953296
156.523 5.405491718783388 -6.292172863238748 0.8924191459157205 0.018536120367957938 -0.01300379208876424 -0.48575971078582475 0.8737990713031736
156.708 5.360827784989905 -6.231556531580393 0.8806843094553995 -0.0067426799651981156 -0.016242818498075653 -0.48605724722484456 0.8737499983029081
156.911 5.220952934410013 -6.077301911825835 0.884971258626903 0.011754780032722156 -0.01253649945067903 -0.4727873262872333 0.8810089701189625
157.111 4.96433123748781 -5.743153679983396 0.8515562111742907 0.006095368295888149 -0.0069372081710070135 -0.4665793680699609 0.884431125028719
157.304 4.701748779441948 -5.343767325995361 0.8280261971918695 0.003960140338446176 -0.002789858962666793 -0.46677103993954056 0.8843649304722729
157.507 4.4395449637069655 -4.958776128857972 0.8333370504234808 0.004101981864825986 -0.00014934509841664834 -0.4666995835695615 0.8844063829127538
157.703 4.170199030524515 -4.5703963085170916 0.8367489880129696 0.004919691404918874 0.00046312711915077597 -0.4665205582181393 0.8844965522316001
157.916 3.8978747486834795 -4.1878634963622545 0.8453223550798883 0.00750100060885744 -0.0011135450770413185 -0.46656730396153795 0.8844531903279502
158.116 3.6181378732878735 -3.8047681035311913 0.8543631691883413 0.011326974335063349 -0.005452335188037545 -0.4668880233752601 0.8842270892266041
158.307 3.3457933653822507 -3.421944581960982 0.865012503340727 0.01356860821253719 -0.005406611786868681 -0.4668894600597047 0.8841950539927932
158.51 3.1717719665854505 -3.136095702727002 0.8730410125799652 0.016487113985945778 -0.008830812908973269 -0.4688962867028245 0.8830551874781575
158.726 3.1265530045249075 -2.998036369183127 0.8740188710499341 0.017155403090083204 -0.008183603803826543 -0.439681720184631 0.8979525074908374
158.901 3.1247161829495975 -2.945567806989424 0.8714834395450431 0.016802545938012198 -0.007254284542410944 -0.396547122939843 0.9178319176700667
159.105 3.1249196256355987 -2.9477978254571973 0.8735682096580919 0.016773137549553875 -0.005451868559687227 -0.38647121736409723 0.9221328196822106
159.321 3.1214144713005463 -2.9607775886136976 0.8620361239506648 0.014637074068897462 -0.004833858629586432 -0.30773315121390216 0.9513478320348517
159.507 3.0969136936950874 -2.9665765464518934 0.8512140674613505 0.012038136991680213 -0.002208860771914219 -0.1808890166858501 0.9834273576804166
159.716 3.0476035369313625 -2.9660613162624583 0.8648904310031682 0.014266714066049615 -0.0022922722765284496 -0.04167417266579775 0.9990267612482605
159.924 2.991865977367884 -2.9813020358972793 0.8773038709080543 0.01039595672296998 -0.00837609441916508 0.06033663941376578 0.9980888011947376
160.107 2.9568850207533477 -2.9848676112165893 0.8755592851589766 0.002392987647425845 -0.016115295635609473 0.07052129930554864 0.9973772191106801
160.323 2.95679913234893 -2.984956848330107 0.8755478660993401 0.002395065216927352 -0.016112605435818664 0.07047631833050935 0.9973804370265406
160.521 2.9567081815216456 -2.9850440205168782 0.8755266486113605 0.002397119845295465 -0.01611151422688971 0.07043170087029615 0.9973836014484503
160.714 2.86941050766024 -3.0470255124616976 0.8745895527106788 0.01362037315493957 -0.004084534582724209 0.07113781837585861 0.9973651351481493
160.913 2.7594146950471026 -3.0813989327498863 0.8723884924840639 0.013156940342515314 -0.003924959865102608 0.0747819321885686 0.9971053867214965
161.121 2.7014731085824972 -3.088738212261996 0.8651654510801072 0.002416942745617833 -0.014905655088032764 0.07466365871147834 0.9970944378051544
161.32 2.457139079754873 -3.176670252395628 0.8601319607438971 0.014840517657234008 0.0011516747458135408 0.07482024578496171 0.9970859358659229
161.5 2.0056834680401567 -3.2463135996441603 0.8530107469994708 0.012073009760212309 0.00019671644568117295 0.07162906995513457 0.9973582506177667
161.717 1.529055996185632 -3.3060140876334003 0.8468265517062439 0.005845664047423833 -0.004530940618915367 0.07182157100292932 0.9973900745082758
161.926 1.0536289015952949 -3.364082605112503 0.8380263754897324 0.0010578361686908845 -0.006933506827008765 0.0718091296382253 0.9973937318663681
162.114 0.595523856792223 -3.4388834508407755 0.8306626702089217 0.0048895692895819425 -0.0007990550348036039 0.07207024533259672 0.9973872534582108
162.317 0.12222686726707138 -3.5006217075411907 0.8224054779433344 0.00026463650508688833 -0.003134640227453807 0.07194889369095 0.9974033590753608
162.514 -0.34034399931133474 -3.5709576193992625 0.8166162698574561 0.0012527448424872853 -0.000582224347110752 0.07207109911430339 0.9973985403626906
162.729 -0.810112251202088 -3.6365687552921977 0.8124974516959337 0.00013530595037449187 -0.0007054466678723545 0.07215286116393207 0.9973933269594082
162.904 -1.2768204644063292 -3.7046965695923855 0.8104263500672914 6.975589560525266e-05 -8.487168033411936e-05 0.07203185378017087 0.9974023260309278
163.11 -1.7440076498195847 -3.772405631332268 0.8100133455552799 8.801295024316638e-07 -5.43473314593017e-06 0.07201332313059494 0.9974036701663863
163.304 -2.213506089473173 -3.840603001625183 0.8099880042627057 7.835613284594966e-06 -5.565898651593973e-07 0.07199764329868608 0.9974048021228537
163.518 -2.6760434151316304 -3.9077047610586275 0.8099760368592999 -1.7518780490262112e-06 -1.556903279573758e-06 0.07199318742639961 0.9974051237880697
163.711 -3.1455864437510717 -3.9758388348143265 0.8100014606334588 -1.033594383577102e-06 -5.157745119463941e-06 0.07197117749977328 0.997406712220058
163.909 -3.6127342603459347 -4.043609664648634 0.8099698815726573 -1.417966271887138e-05 -7.63830032566983e-06 0.07197125925084953 0.9974067062048664
164.107 -4.011636865667089 -4.066469221358884 0.80997871454441 -1.2269846826042749e-05 -1.791431372287385e-05 0.07116412361616685 0.9974646194419486
164.3 -4.217728539497762 -4.066235562598743 0.8100778575958466 -0.00013611081157873767 -0.00012752469429112463 0.07113251428504169 0.9974668569044226
164.514 -4.26590800477965 -4.06895965229605 0.809994840201395 -9.351093161276153e-05 -8.224822587232524e-05 0.0692980183246032 0.9975959949534773
164.713 -4.281864491290708 -4.07424951102675 0.809959663483665 -2.833431496448168e-05 -2.8816840638933823e-05 0.06617863122626688 0.9978077906770293
164.922 -4.281879913182271 -4.074157039578839 0.8100570778872686 -5.232507552775467e-05 -3.739327400024132e-05 0.06586331524907132 0.9978286524089348
165.126 -4.281659018289325 -4.073525287566889 0.8100031272811743 -6.267525392796234e-05 -4.579782347857433e-05 0.06319353059104711 0.9980012884088929
165.322 -4.280686288104109 -4.072183396486551 0.8099950491710528 -2.97629901693728e-05 -3.4842512531147836e-05 0.058296220534631904 0.9982993281433887
165.504 -4.279347179410912 -4.0707263682683745 0.809969992671969 -3.410968056082931e-05 -2.9001436832539338e-05 0.05213044369737147 0.9986402830025242
165.71 -4.27932528194126 -4.0707095420650425 0.8099684291609823 -1.988431503900237e-05 -1.4624385652007959e-05 0.052100620952192055 0.9986418400443362
165.908 -4.279338475173668 -4.070672390364922 0.8099705691765545 -2.879159453932544e-05 -2.1336633769002316e-05 0.05206902008725951 0.9986434878688915
166.114 -4.3572173234874105 -4.108186361916218 0.8101071619095409 -9.66043350012729e-05 -0.00013974246370175738 0.05148363477351083 0.9986738238735178
166.307 -4.4260271605457575 -4.113755911079845 0.8099935392079194 6.80244188259327e-06 -5.165919087626423e-06 0.05093297859346415 0.9987020735027228
166.502 -4.477143576659099 -4.142395228727295 0.8099538481984074 -4.666263688128651e-06 -9.428185358699081e-06 0.05025353378007975 0.9987364928908674
166.72 -4.716661186369542 -4.189753666981749 0.8099604477515321 -1.0883825636378588e-05 -1.0640862673611873e-05 0.050270539265458686 0.9987356370182624
166.902 -5.14197560562081 -4.236742784239973 0.809968458242611 -0.00024307442135774085 -0.00018707450547400544 0.05029580309404675 0.9987343180791777
167.108 -5.609401426135466 -4.283718541578487 0.8097585355773662 -0.00037293276488356347 -0.00020834713967676546 0.050268689029182925 0.9987356389034637
167.318 -6.081380408628694 -4.331200316188749 0.809280262243932 -0.00041541115639795364 -6.7590602460839336e-06 0.0502335118909423 0.9987374137735048
167.507 -6.550975812446511 -4.378809510469161 0.810190268847949 -0.00023895578940931976 0.0001811563887244216 0.05020232231185632 0.9987390234275368
167.713 -7.02022430669365 -4.425619101619805 0.8105985959771219 -0.0005443982352497954 0.0004387736543089927 0.05017744785789894 0.9987400737102269
167.92 -7.4868703918885835 -4.472167216403691 0.8117488751361757 -0.001172595196198008 0.001067129468936608 0.05019687617211808 0.9987380837225359
168.121 -7.957236545138894 -4.5181820435800235 0.8142478659761951 -0.0021209743933375182 0.0022528403641021624 0.05012037920645534 0.9987383910544932
168.323 -8.4222924228436 -4.561639120436724 0.8199467344280935 -0.003120703237123151 0.0038742931615818803 0.049772058962505424 0.9987482131200222
168.525 -8.76254179016349 -4.561657998566047 0.8231880997655395 -0.002742071028311037 0.004494039066371649 0.048002039313775655 0.9988333639206616
168.725 -9.02933681670222 -4.5489301538358085 0.8271256424711045 -0.0027748427004833727 0.005370653982387638 0.03261888927796246 0.9994495807123344
168.906 -9.12224517068603 -4.5468038368440755 0.8265058974194219 -0.002200400801854072 0.005344694291437792 0.03185109195276093 0.9994759128766731
169.109 -9.169214156734258 -4.5263912700416515 0.8237193296100309 -0.0020119956465806123 0.004284894802265153 0.012716298110086876 0.9999079394186382
169.301 -9.225424734838294 -4.493727209298417 0.8217471620990677 -0.0015443369298197465 0.003886708757197112 -0.027790581426702616 0.9996050180458528
169.508 -9.275908977337599 -4.533115750588848 0.8196069208179515 -0.0007331432359494519 0.0028352144519887806 -0.09195819607607682 0.9957585622199994
169.705 -9.31814357908849 -4.634449526279554 0.840463524614606 -0.0005289103463884526 0.0020007588588699574 -0.1797834097011856 0.9837040422881516
169.91 -9.345170078255258 -4.757702430243088 0.8856448062421369 -0.002777761963357856 -0.004766054623115846 -0.29320995312175585 0.9560321606264833
170.123 -9.35428700840756 -4.868965178262714 0.906402610496318 -0.0030617175179728892 -0.01621669542254672 -0.38886252830201157 0.9211479678954841
170.3 -9.400316809235772 -4.9522438318653075 0.958834466551753 -0.009842838104606573 -0.012007010232384215 -0.4140983133481455 0.9100997402073834
170.511 -9.469282175597703 -4.991561550586519 0.9611538139406433 -0.02711800990347468 0.01742093916540412 -0.45048167474190076 0.8922036679700452
170.701 -9.484857829416095 -5.009104246005255 0.9422613197533821 -0.026158977434454306 0.019962139158436178 -0.455036180196731 0.8898647625407871
170.913 -9.497090814182176 -5.008965195648148 0.9688969533798395 -0.03501980940656954 0.024366458966239575 -0.45559051650088705 0.8891665591445896
171.109 -9.498878155912207 -5.015823793785178 0.9498609309138801 -0.02961207234179217 0.02183733918605752 -0.4557889668133233 0.8893270902880114
171.319 -9.45330946563231 -5.120729169093128 0.9803638576197852 -0.03308534294628772 0.02510240908361981 -0.4658545261865206 0.8838861858700233
171.509 -9.417391803401802 -5.304058025302293 1.0277051040117906 -0.04804160670224388 0.03421395623656737 -0.47592885538375795 0.8775039224056012
171.721 -9.561591923639886 -5.151138076893601 1.0724991807530913 -0.05417493701433688 0.041566096962319714 -0.48373463243589854 0.8725469277723221
171.916 -9.671236110763477 -5.018348945127136 0.9822283744955076 -0.02141899853764523 0.02944103922465526 -0.49071051696854956 0.870561680897727
172.109 -9.766556841954852 -4.925232982147695 1.0139320344361569 -0.027571175203937353 0.0349333308579332 -0.4938545190627907 0.8684049785061713
172.324 -9.940288417788388 -4.717137784099408 1.0030214022252781 -0.017491057144383433 0.03514662419326301 -0.5003417738753878 0.8649375047036751
172.523 -10.12467936138874 -4.393011567517812 0.9833796181878911 -0.003105601019787672 0.034383063823639835 -0.5069231888097173 0.8612996231343617
172.702 -10.302750595473736 -3.997774310258804 0.9794182152537569 0.006934889060492431 0.03646092080840563 -0.5142409539794142 0.856842313274656
172.909 -10.505948316103357 -3.606586609097891 1.015647090050736 0.022157650963287534 0.035089172748788845 -0.5181631690335664 0.8542743814001953
173.125 -10.732623667146806 -3.220006974386209 1.073174641662355 0.03872575946837687 0.036597993642011606 -0.5199909050590658 0.8525082762477033
173.318 -10.94761211853567 -2.865253295361991 1.1435456722193453 0.054821807604125986 0.04245000129733933 -0.5219678793005247 0.8501423997068874
173.518 -11.154414729950242 -2.5032951092853106 1.2120720707359456 0.06450183047671473 0.0573244989362816 -0.5219115353247409 0.8486234530001094
173.706 -11.348658845934196 -2.121804140482694 1.277051099489031 0.07210097729524394 0.07713375746366034 -0.5198148259139231 0.8477289539072533
173.919 -11.531837515061506 -1.7382303321528798 1.3362711426105782 0.0739745676352312 0.10056810136278943 -0.5167266595790518 0.8469990434538514
174.119 -11.733091768564774 -1.357315813567945 1.4101993090978242 0.0807017059717421 0.11090286519203921 -0.5157521317988284 0.8456876064424799
174.31 -11.997900093245848 -0.9480638848957013 1.4584957027858616 0.10099769890172082 0.08088029403077406 -0.5176353346112017 0.8457609019196868
174.517 -12.280745733063123 -0.5349529074120613 1.4983878346240633 0.12766480372215677 0.040716673822525515 -0.5225371397972897 0.8420206576420086
174.713 -12.586005208158948 -0.12348361548427775 1.5323600343313377 0.15059949757664043 -0.00595917700199519 -0.5261160570184822 0.8369505206919031
174.908 -12.90362236950535 0.29702994095771174 1.5446149772661735 0.1693619153289053 -0.0394044818872002 -0.5247452797233204 0.8333103982619082
175.1 -13.16159016389723 0.6516733113973946 1.5838660819756776 0.1762302632069225 -0.03496754708192394 -0.528723061659844 0.8295613835335713
175.303 -13.315916433403222 0.8782512251121697 1.6000858921949952 0.1707240037344217 -0.01547452709752193 -0.545537488796516 0.820367418829873
175.504 -13.347348158168899 1.0465601289472575 1.6189851770498125 0.16992860598808596 -0.0032286795779534042 -0.5826958424819542 0.7947196987928349
175.703 -13.31873192308499 1.2049725263702729 1.686464082277622 0.16900438254641933 0.02102781963395863 -0.6295710772747258 0.7580472334496622
175.908 -13.300755456086835 1.3448121447406474 1.7310596952216866 0.16963009626118739 0.03973827010624032 -0.6807628618618321 0.7114832578782665
176.106 -13.331679388529635 1.4646950383391217 1.737262380865015 0.1786561163800851 0.04960203454064634 -0.7093467777789011 0.6800358660424494
176.308 -13.346690432360194 1.539795367329086 1.7609314248931298 0.18054248317026897 0.05762286165231267 -0.7175680300663314 0.6702090269553492
176.503 -13.339499377540436 1.6863105461227599 1.7934130332529061 0.18608406838437036 0.056914877144787754 -0.7190375099368497 0.6671719984808488
176.703 -13.326142658364116 1.9128968502106327 1.8625826016183815 0.19170310936889037 0.05626725023811266 -0.7199768273429797 0.6646181478849927
176.9 -13.315571703987523 2.2030041239481397 1.9743701249660026 0.1987149405919162 0.06051407050928594 -0.7192484316661703 0.6629721813181176
177.104 -13.303457337705407 2.5516918491105742 2.1062915882144027 0.20107679484675076 0.058602651932629674 -0.719164448520507 0.6625227148896979
177.309 -13.275249326200694 2.9616628073769267 2.2584370923313704 0.19332481226537176 0.05740447874116002 -0.719994102273215 0.6640321795476493
177.51 -13.24834366173362 3.4108389884504318 2.419326150136598 0.18694611105334497 0.055194700835931844 -0.7209286705787851 0.6650312387393302
177.7 -13.192053030707063 3.893174499756129 2.5237434360859696 0.155602698889021 0.0454573802667845 -0.7248894471575978 0.669519765262599
177.913 -13.094618070190807 4.428031151404794 2.547407860628466 0.09162705941163801 0.027445091353785415 -0.7316872526797842 0.6748962981155462
178.118 -12.994233571482857 4.975533006086577 2.5410756790316187 -0.0024635002102176085 -0.0027825589690139495 -0.7364548011457571 0.6764765438665715
178.326 -12.951730619814638 5.29130060759953 2.581670021849177 -0.013626227306657043 -0.01121679201308023 -0.7376362083831387 0.6749676537349544
178.51 -12.948213154714178 5.458115315256061 2.5209920244999666 -1.2441171588286397e-06 -6.201517156188911e-06 -0.7357720652619499 0.6772292580361234
178.713 -12.948193466724714 5.46117685129188 2.520999590688045 -5.986229701376654e-06 -3.5786685491050176e-06 -0.7357808936774646 0.6772196663199835
178.919 -12.94817872356869 5.461230073916388 2.520973746161584 -2.771995865496404e-06 -2.5994158548218305e-06 -0.7357895562665762 0.6772102545551079
179.114 -12.94816980429659 5.461315565906605 2.5210048494098825 -2.9469359636246815e-06 -5.970683656910339e-06 -0.7357980570128928 0.6772010183481109
179.326 -12.948179197853582 5.461394256078689 2.5210014667501195 -7.583739986679587e-07 -2.4091296034480375e-06 -0.7358094507371534 0.6771886385635171
179.519 -12.948171643146592 5.461455184418499 2.5209948286983166 -2.3407907157150233e-06 -2.507573530203185e-06 -0.7358184945063425 0.6771788117850798
179.721 -12.948174438546971 5.461513875597818 2.520979696722655 2.83631257244414e-06 -4.810163725256887e-07 -0.7358284448191424 0.67716799967716
179.914 -12.948168068666828 5.461587958798762 2.521000833538457 -8.623049387667925e-07 -1.4671619604522332e-06 -0.7358367082338544 0.6771590203288069
180.105 -12.948146302034765 5.461635629533331 2.5209978352582927 2.7106978142524014e-07 -4.4214979578614374e-07 -0.7358435494178551 0.6771515862640091
180.324 -12.948121777206916 5.461695231319043 2.520994489089337 -1.1741987047213653e-06 -3.940692898253241e-06 -0.7358493522781665 0.6771452803755595
180.514 -12.948093693513037 5.461736411083967 2.520990319504226 2.9759020087947116e-06 -1.7879740026289256e-06 -0.7358527252119346 0.6771416150157338
180.717 -12.948063602854049 5.461791745229242 2.521002493661895 -5.741576411644879e-07 -4.1417071773354485e-06 -0.7358560910730058 0.6771379572976788
180.918 -12.948030385822127 5.461828052606241 2.521004495358707 -2.334627651943753e-06 -2.7683583944388775e-06 -0.7358615535222982 0.677132021126335
181.113 -12.94801030510184 5.461851681051589 2.5209906265675883 -7.502564072087023e-08 -4.543215471110966e-07 -0.7358624775130328 0.6771310170034817
181.308 -12.94799020014867 5.461881189674892 2.520999742683475 -2.713072052116241e-06 -5.080538179931896e-06 -0.7358662814147362 0.6771268831199037
181.503 -12.947969077404858 5.46191069919874 2.5209956993085374 -5.894163795310606e-07 -4.0160899816812995e-06 -0.7358660340960345 0.6771271519052368
181.72 -12.947947054852632 5.46192981944046 2.5209914064358117 -1.422033863309757e-07 -1.0657688146808351e-06 -0.7358719413758597 0.6771207321405595
181.908 -12.947917888859907 5.46194017548786 2.520981678700349 -3.0127943858101585e-08 -2.6979872193083533e-07 -0.7358759143462235 0.6771164144259361
182.108 -12.947903230343885 5.461966916920276 2.5209969364232943 -8.84895375846149e-07 -3.9755001384498835e-06 -0.735879754430997 0.6771122410664189
182.306 -12.947872730046726 5.461987600852788 2.5209911753973455 -2.847452609501577e-06 -9.845589745305208e-07 -0.735884338360518 0.6771072592629807
182.519 -12.947859090044537 5.4619990550086275 2.5209884326115217 1.1448914303068784e-06 -4.487066695101785e-06 -0.735890346209754 0.6771007298281727
182.702 -12.947824613130017 5.462014012771651 2.520994408895046 -3.8031203440322963e-06 -1.458712327079212e-06 -0.7358936174415044 0.677097174556404
182.91 -12.947801520579057 5.46201831933056 2.520998304464286 -2.1043639679482174e-06 -3.6413585000462452e-06 -0.7358987234609993 0.6770916251075506
183.102 -12.947786365271146 5.462021649316038 2.520982832027984 -1.3578911582966266e-06 -9.755672540842402e-07 -0.7359058751382752 0.6770838522178575
183.321 -12.947788419572099 5.462032967589726 2.5209874746581944 -1.8350672923732481e-07 -3.4360890806114017e-06 -0.735909880298264 0.6770794990749275
183.507 -12.947752987828892 5.4620347254139325 2.5209917306699947 -2.5103684375557717e-06 -5.00808919269135e-07 -0.7359144390374154 0.6770745442044722
