4.791299999999999670e+01 -1.330032944679260254e-02 8.858253806829452515e-02 -5.746348295360803604e-03 1.229459223086332847e-02 2.083421143619715310e-02 -7.529294969257392840e-03 9.996789926536290283e-01
4.812299999999999756e+01 -1.369031611829996109e-02 8.774506300687789917e-02 -6.166127976030111313e-03 1.342202304384059949e-02 1.910752092062278223e-02 -7.618077967843734852e-03 9.996983129073261365e-01
4.832300000000000040e+01 -1.339842937886714935e-02 8.806604892015457153e-02 -6.411665119230747223e-03 1.169191418859250910e-02 2.106539387211711634e-02 -7.613549904143576685e-03 9.996807401273050120e-01
4.851800000000000068e+01 -1.283428259193897247e-02 8.729208260774612427e-02 -7.153877988457679749e-03 1.281604990633487297e-02 2.140277483204940795e-02 -7.720743481274478133e-03 9.996589719571286059e-01
4.870000000000000284e+01 -1.323836483061313629e-02 8.958396315574645996e-02 -6.634883582592010498e-03 1.211937912690852839e-02 2.271543528696667175e-02 -7.732562736233542129e-03 9.996386032576133340e-01
4.892799999999999727e+01 -1.203802414238452911e-02 8.970738947391510010e-02 -7.292728405445814133e-03 1.136683858075347719e-02 2.174269815062442740e-02 -7.748074370242739005e-03 9.996689539049230522e-01
4.911099999999999710e+01 -1.211454067379236221e-02 8.966521918773651123e-02 -7.532017771154642105e-03 1.391977377370535486e-02 2.133038948759286360e-02 -7.840813809124290434e-03 9.996448249359406457e-01
4.932399999999999807e+01 -1.323790382593870163e-02 9.087225794792175293e-02 -7.131292484700679779e-03 1.170691883907046087e-02 2.190853002713485931e-02 -7.804601282448460006e-03 9.996609688100097646e-01
4.951200000000000045e+01 -1.331921946257352829e-02 9.101254492998123169e-02 -7.429243531078100204e-03 1.303886619841273381e-02 2.253412990765438911e-02 -7.928049008782760490e-03 9.996296049019751662e-01
4.971999999999999886e+01 -1.251803524792194366e-02 9.202495962381362915e-02 -7.385480217635631561e-03 1.388149282650119436e-02 2.238268748396698982e-02 -7.951287862565572379e-03 9.996214765996324081e-01
4.990400000000000347e+01 -1.397702191025018692e-02 9.160362929105758667e-02 -7.317211478948593140e-03 1.218731747018261639e-02 2.064900550606004609e-02 -7.924304340610996075e-03 9.996810957826545163e-01
5.010499999999999687e+01 -1.339368801563978195e-02 9.199287742376327515e-02 -7.921773940324783325e-03 1.330220331008732763e-02 2.130820045201054294e-02 -8.022713089101097053e-03 9.996522635673287249e-01
5.031499999999999773e+01 -1.417796872556209564e-02 9.246011078357696533e-02 -6.986794061958789825e-03 1.306382447568347691e-02 2.124019854086497266e-02 -8.009898878458838328e-03 9.996569571487862182e-01
5.050500000000000256e+01 -1.348261814564466476e-02 9.286071360111236572e-02 -7.438798900693655014e-03 1.363413149405733570e-02 2.077522690575375058e-02 -8.073195936767009473e-03 9.996586036806685005e-01
5.072399999999999665e+01 -1.389955356717109680e-02 9.395686537027359009e-02 -7.361079566180706024e-03 1.426256752385214079e-02 2.201262318091129835e-02 -8.107212244585135924e-03 9.996230773136163261e-01
5.091499999999999915e+01 -1.353464368730783463e-02 9.421258419752120972e-02 -7.341401651501655579e-03 1.163286410637986643e-02 2.032745407976729868e-02 -8.075131488385152781e-03 9.996930845688405398e-01
5.110300000000000153e+01 -1.322684250771999359e-02 9.393718838691711426e-02 -7.813557051122188568e-03 1.194170161876230429e-02 2.001120639358641706e-02 -8.141350725630932400e-03 9.996952864695742846e-01
5.132200000000000273e+01 -1.365850958973169327e-02 9.457207471132278442e-02 -8.084377273917198181e-03 1.143216638475638182e-02 2.164254453790018240e-02 -8.165899127373628039e-03 9.996670565388847685e-01
5.150900000000000034e+01 -1.350814383476972580e-02 9.556982666254043579e-02 -7.320404052734375000e-03 1.015170738314404540e-02 2.260333404965575096e-02 -8.176731277142815224e-03 9.996595286359591936e-01
5.171000000000000085e+01 -1.459668017923831940e-02 9.652188420295715332e-02 -7.963339798152446747e-03 1.227134974665469898e-02 2.032441959091289135e-02 -8.222463807510002609e-03 9.996843116867553114e-01
5.190699999999999648e+01 -1.351332291960716248e-02 9.750492125749588013e-02 -8.269106037914752960e-03 1.410866057719608463e-02 2.203274292193154252e-02 -8.316667043170224149e-03 9.996230974649128465e-01
5.210399999999999920e+01 -1.438019145280122757e-02 9.753484278917312622e-02 -8.068791590631008148e-03 1.060651813886296160e-02 2.053103450646265316e-02 -8.281105416147637593e-03 9.996986554398035185e-01
5.232300000000000040e+01 -1.340900547802448273e-02 9.778787940740585327e-02 -8.753184229135513306e-03 1.486080112543881025e-02 2.130507141118285000e-02 -8.453331561888008036e-03 9.996268262244563108e-01
5.252199999999999847e+01 -1.427523326128721237e-02 9.788795560598373413e-02 -8.270616643130779266e-03 1.479066262845878978e-02 2.213047383014344824e-02 -8.492233697055852348e-03 9.996096039924280419e-01
5.272500000000000142e+01 -1.478278450667858124e-02 9.822051227092742920e-02 -8.352139033377170563e-03 1.256827798464007530e-02 2.007868491255177315e-02 -8.446434755277617418e-03 9.996837212541815898e-01
5.292099999999999937e+01 -1.479369029402732849e-02 9.893330931663513184e-02 -8.380013518035411835e-03 1.266587473833980827e-02 2.126209357076473336e-02 -8.502936869012671720e-03 9.996575408902301785e-01
5.310699999999999932e+01 -1.353826001286506653e-02 1.003219857811927795e-01 -8.328629657626152039e-03 1.121762312098628644e-02 2.128035645721041216e-02 -8.505209223328513354e-03 9.996744333915101866e-01
5.331900000000000261e+01 -1.436503045260906219e-02 1.005262881517410278e-01 -8.936777710914611816e-03 1.227090174465014782e-02 2.002003128724705663e-02 -8.568134192957705189e-03 9.996875563865352810e-01
5.351200000000000045e+01 -1.436737366020679474e-02 1.003350540995597839e-01 -8.714963681995868683e-03 1.206058826726633636e-02 2.120579219723887909e-02 -8.614550653313674325e-03 9.996652670294073895e-01
5.371900000000000119e+01 -1.482541859149932861e-02 1.016834452748298645e-01 -9.138208813965320587e-03 1.294638534195325166e-02 2.079699563000633397e-02 -8.662165986608275428e-03 9.996623644810099796e-01
5.390400000000000347e+01 -1.495614554733037949e-02 1.017461046576499939e-01 -9.762557223439216614e-03 1.145072982359123144e-02 2.096880798880514096e-02 -8.675413206127923632e-03 9.996769113487310454e-01
5.412299999999999756e+01 -1.550709921866655350e-02 1.013862565159797668e-01 -9.246448054909706116e-03 1.231528057872507964e-02 2.159110292563617972e-02 -8.752102057875136426e-03 9.996527191221410424e-01
5.431600000000000250e+01 -1.480068638920783997e-02 1.026688814163208008e-01 -9.335373528301715851e-03 1.130177665587323022e-02 2.014268630430279469e-02 -8.756232225451585430e-03 9.996948886685782520e-01
5.450999999999999801e+01 -1.529522892087697983e-02 1.022968143224716187e-01 -9.014287963509559631e-03 1.194327351820576553e-02 2.031374013541208459e-02 -8.802628073637866479e-03 9.996835618926509515e-01
5.471399999999999864e+01 -1.546751055866479874e-02 1.025040596723556519e-01 -9.483428671956062317e-03 1.274549462976673486e-02 2.145135369918117763e-02 -8.852967618091242899e-03 9.996494469340081457e-01
5.492399999999999949e+01 -1.533266063779592514e-02 1.029772982001304626e-01 -9.161792695522308350e-03 1.270662632095006378e-02 2.028713573141681728e-02 -8.874042033128482984e-03 9.996740594560554749e-01
5.511200000000000188e+01 -1.553478930145502090e-02 1.032599434256553650e-01 -8.844329975545406342e-03 1.390086347056515223e-02 2.106714151732716131e-02 -8.919878965071544388e-03 9.996416244346322255e-01
5.531499999999999773e+01 -1.515479572117328644e-02 1.036165207624435425e-01 -9.386920370161533356e-03 1.235556956591176390e-02 2.366831240796902699e-02 -8.997578235900385163e-03 9.996030184399953278e-01
5.551100000000000279e+01 -1.521566975861787796e-02 1.037947088479995728e-01 -9.626364335417747498e-03 1.358735325335179087e-02 2.137477539183711001e-02 -9.048550862625992161e-03 9.996382478355875234e-01
5.570600000000000307e+01 -1.460764650255441666e-02 1.042876169085502625e-01 -1.018697489053010941e-02 1.321031532201744421e-02 2.027572621818192825e-02 -9.042525096889712441e-03 9.996662519237560218e-01
5.590400000000000347e+01 -1.540530286729335785e-02 1.055731251835823059e-01 -9.657414630055427551e-03 1.346339945893091847e-02 1.965107807121246192e-02 -9.106749637266080971e-03 9.996747666699867807e-01
5.611500000000000199e+01 -3.971719741821289062e-02 7.196146994829177856e-02 1.292916759848594666e-02 1.165497777780650362e-02 2.312830871084660400e-02 -8.114602167123695364e-03 9.996316301822605332e-01
5.631300000000000239e+01 -1.183694005012512207e-01 7.893667370080947876e-02 -4.194581508636474609e-02 1.931083201669080845e-03 1.264556669191554267e-02 -7.081543906962290899e-03 9.998931004345427143e-01
5.652100000000000080e+01 -1.723076999187469482e-01 6.153821200132369995e-02 -5.395889282226562500e-02 4.547948012987632462e-04 1.031604835388884832e-02 -6.156530992849360354e-03 9.999277321057672419e-01
5.671999999999999886e+01 -2.798648774623870850e-01 -6.674357503652572632e-02 4.025895148515701294e-02 1.442734485618859218e-02 2.480123377863071091e-02 -3.535822017849139364e-03 9.995820368964801750e-01
5.689999999999999858e+01 -6.039730906486511230e-01 -7.881730794906616211e-02 8.397550880908966064e-02 1.282702062946347067e-02 3.031125076024078491e-02 -1.782980910699827814e-03 9.994566106631108671e-01
5.710900000000000176e+01 -1.068747282028198242e+00 -2.827272191643714905e-02 1.006271839141845703e-01 1.177756659764002574e-02 3.156911342712326318e-02 -1.599996177587125140e-03 9.994308980688435540e-01
5.731300000000000239e+01 -1.568119645118713379e+00 2.182990312576293945e-02 9.539455175399780273e-02 1.766366004023297871e-03 3.013003381767230190e-02 -1.149212802859598615e-03 9.995437660869179730e-01
5.750399999999999778e+01 -2.024338245391845703e+00 3.882162272930145264e-02 1.160917431116104126e-01 -1.149953273590995344e-03 3.052545941624262502e-02 -7.151552758235039898e-04 9.995330722331438045e-01
5.770000000000000284e+01 -2.468992471694946289e+00 4.585115611553192139e-02 1.475041806697845459e-01 -2.861360534623892758e-03 3.186441706885100034e-02 -4.824832974296496707e-04 9.994879882973185525e-01
5.790400000000000347e+01 -2.972508907318115234e+00 1.032835543155670166e-01 1.301863044500350952e-01 -1.234905824889967821e-02 2.941856500913249406e-02 8.177949481993429873e-05 9.994908914568869651e-01
5.810999999999999943e+01 -3.522225141525268555e+00 1.800354719161987305e-01 7.962245494127273560e-02 -2.325846752339313234e-02 1.773660711665678638e-02 5.460404882062982199e-04 9.995719875507905750e-01
5.829999999999999716e+01 -3.981609344482421875e+00 2.117924392223358154e-01 6.389442086219787598e-02 -2.747089828383789817e-02 1.713685247463879457e-02 6.712605678604590884e-04 9.994754761593660497e-01
5.850999999999999801e+01 -4.474625110626220703e+00 2.117782533168792725e-01 7.452484220266342163e-02 -2.842800851416683525e-02 1.286542548092411628e-02 6.152879673357753440e-04 9.995128566355864219e-01
5.871399999999999864e+01 -4.969896793365478516e+00 2.140927314758300781e-01 8.726777136325836182e-02 -2.854699443518261479e-02 1.350406605347745544e-02 8.402544481693988588e-04 9.995008770787562336e-01
5.891100000000000136e+01 -5.432877540588378906e+00 2.098359316587448120e-01 9.224646538496017456e-02 -2.911024357073133464e-02 1.198631588201178912e-02 7.584974287315466961e-04 9.995040503332038861e-01
5.911800000000000210e+01 -5.894545555114746094e+00 1.960356235504150391e-01 1.483694165945053101e-01 -2.650777130502185788e-02 1.746837879476388633e-02 1.058975588082803568e-03 9.994954088806147219e-01
5.931199999999999761e+01 -6.304442405700683594e+00 1.894573718309402466e-01 2.174924910068511963e-01 -2.745770667869241316e-02 2.339895543339694586e-02 9.320868059820852647e-04 9.993486350832521126e-01
5.952100000000000080e+01 -6.762259483337402344e+00 1.810002923011779785e-01 2.782616615295410156e-01 -2.442392931050994115e-02 2.913334554662821638e-02 3.541380641099807687e-04 9.992770358817055776e-01
5.971699999999999875e+01 -7.179004669189453125e+00 1.878716647624969482e-01 3.539867699146270752e-01 -2.318328337323053226e-02 3.466684127067354987e-02 3.767128179229352401e-04 9.991299232711445821e-01
5.992199999999999704e+01 -7.632570743560791016e+00 2.169527113437652588e-01 4.161765277385711670e-01 -2.893117145197337051e-02 3.865661743703870806e-02 8.179146522457685607e-05 9.988336430842220670e-01
6.011599999999999966e+01 -8.043119430541992188e+00 2.353144735097885132e-01 4.696157276630401611e-01 -3.201141250724754556e-02 4.342148396167975349e-02 8.628245450528933269e-05 9.985438582031310739e-01
6.030100000000000193e+01 -8.491937637329101562e+00 1.902011334896087646e-01 4.872568249702453613e-01 -2.424159252761136016e-02 4.194000236540382925e-02 -1.761806147290200311e-04 9.988259860224433240e-01
6.051200000000000045e+01 -8.944906234741210938e+00 1.895929872989654541e-01 5.614376068115234375e-01 -2.175506190862792552e-02 5.191030376727515105e-02 -2.803883895890232729e-05 9.984147619391273709e-01
6.070199999999999818e+01 -9.302608489990234375e+00 1.939828395843505859e-01 6.749086380004882812e-01 -2.233300048135998875e-02 6.012797493432578411e-02 -7.420731015307187230e-04 9.979405358273150117e-01
6.090699999999999648e+01 -9.720790863037109375e+00 1.988681107759475708e-01 7.975256443023681641e-01 -1.971108880270909178e-02 7.007042260264378930e-02 -1.337151214556774438e-03 9.973463896165303266e-01
6.110399999999999920e+01 -1.011574649810791016e+01 1.574306190013885498e-01 9.110989570617675781e-01 -1.219284279485373552e-02 7.563042145312147413e-02 -2.129749954701411468e-03 9.970590945879455047e-01
6.130100000000000193e+01 -1.053919315338134766e+01 1.662613153457641602e-01 9.909501671791076660e-01 -1.263326241068858484e-02 8.079157305556206037e-02 -2.375394370587850627e-03 9.966481224111419790e-01
6.150900000000000034e+01 -1.115990447998046875e+01 2.685004472732543945e-01 9.304469227790832520e-01 -2.752813588603247874e-02 6.465757431338263472e-02 -1.369107532923524587e-03 9.975268043331532164e-01
6.170900000000000318e+01 -1.209694862365722656e+01 1.346555948257446289e-01 9.018111824989318848e-01 -6.511375623334243745e-02 2.319900075859646429e-02 6.328714816864664493e-03 9.975880675317614354e-01
6.192099999999999937e+01 -1.303783035278320312e+01 4.941511899232864380e-02 1.168089270591735840e+00 -1.302804025547185662e-01 -2.345809954301442124e-02 1.705190689948807986e-02 9.910529585986318502e-01
6.211099999999999710e+01 -1.348274040222167969e+01 3.690741062164306641e-01 9.648522138595581055e-01 -1.301083418461192742e-01 -2.702336416423148369e-02 1.719032348979731076e-02 9.909823661143607465e-01
6.230400000000000205e+01 -1.380978584289550781e+01 2.963255643844604492e-01 7.842395305633544922e-01 -9.877380986677281038e-02 -1.301795818510467426e-02 1.285465507017806430e-02 9.949417194449734492e-01
6.250099999999999767e+01 -1.406815052032470703e+01 3.046679496765136719e-01 6.895678639411926270e-01 -8.417708667761311658e-02 -3.203078817232672855e-03 1.643463434163766959e-02 9.963101229831086147e-01
6.271900000000000119e+01 -1.432231426239013672e+01 3.538983464241027832e-01 7.357602119445800781e-01 -1.062252199471947489e-01 -7.722344809422430900e-03 1.919153238125103147e-02 9.941268797908414667e-01
6.290899999999999892e+01 -1.427427673339843750e+01 3.381148874759674072e-01 6.768372058868408203e-01 -1.017867577433605591e-01 -1.223276388441562473e-02 1.486099153077560277e-02 9.946200110426919316e-01
6.310099999999999909e+01 -1.411384582519531250e+01 4.428353309631347656e-01 6.237068772315979004e-01 -8.470983094684811365e-02 -5.953507507917466142e-03 1.440930916289674332e-02 9.962836805341928059e-01
6.330400000000000205e+01 -1.403299617767333984e+01 4.076020717620849609e-01 5.724098086357116699e-01 -8.061465603998915763e-02 -6.484170599372263664e-03 1.269188935532596096e-02 9.966434411101017243e-01
6.350900000000000034e+01 -1.395068931579589844e+01 5.145671367645263672e-01 6.231667995452880859e-01 -8.959531136878717827e-02 -9.691073126069107979e-03 1.411981100174329248e-02 9.958310068579259156e-01
6.370199999999999818e+01 -1.373254680633544922e+01 5.245543122291564941e-01 7.187474966049194336e-01 -1.121971301871103888e-01 -2.523853452651041163e-02 1.763088283418322993e-02 9.932089268241693913e-01
6.391599999999999682e+01 -1.331000328063964844e+01 5.859493017196655273e-01 7.575941681861877441e-01 -1.123744638820059066e-01 -3.149119272907224820e-02 1.765553750868544339e-02 9.930098522386431315e-01
6.411899999999999977e+01 -1.267653083801269531e+01 5.580424666404724121e-01 5.977233648300170898e-01 -8.525171684247243031e-02 -2.201091826067197096e-02 1.332408711795773568e-02 9.960271748075982812e-01
6.430200000000000671e+01 -1.185194969177246094e+01 5.929149389266967773e-01 5.281552672386169434e-01 -5.049500679168324180e-02 6.260002660493462628e-03 7.076791903880841512e-03 9.986796211359012521e-01
6.451399999999999579e+01 -1.115835094451904297e+01 4.094629287719726562e-01 8.155019283294677734e-01 -2.745951992155559046e-02 4.326690521215890289e-02 6.278368646025350719e-03 9.986663766074154180e-01
6.470999999999999375e+01 -1.060975837707519531e+01 3.602318167686462402e-01 8.605429530143737793e-01 -1.829394054265217132e-02 5.572442032673539936e-02 5.470618599122802593e-03 9.982635889637636595e-01
6.491899999999999693e+01 -1.004437160491943359e+01 3.138099312782287598e-01 8.494555354118347168e-01 -8.078129165096422509e-03 6.743132947426334900e-02 4.660531410818857974e-03 9.976803291042146693e-01
6.510999999999999943e+01 -9.619540214538574219e+00 3.347652554512023926e-01 7.875733971595764160e-01 -1.181845264638419976e-02 6.465123821189033837e-02 4.253585343468472245e-03 9.978288673848038082e-01
6.530899999999999750e+01 -9.205084800720214844e+00 3.538992106914520264e-01 6.593990325927734375e-01 -1.461025648959783825e-02 5.472720954628758350e-02 4.707617392668378593e-03 9.983833488590788674e-01
6.551399999999999579e+01 -8.853776931762695312e+00 3.055936098098754883e-01 5.196535587310791016e-01 -7.769817802138485885e-03 3.635229543011466585e-02 4.530107711478110165e-03 9.992985633295015102e-01
6.571299999999999386e+01 -8.431170463562011719e+00 2.809630036354064941e-01 4.564682245254516602e-01 -4.217347983534873966e-03 3.213712991766624200e-02 4.564639735737175720e-03 9.994641478916209687e-01
6.590200000000000102e+01 -8.049095153808593750e+00 2.341229319572448730e-01 3.470344543457031250e-01 7.931791321318123686e-03 2.040124180279123331e-02 4.286265640858836524e-03 9.997512210276090494e-01
6.611899999999999977e+01 -7.597777843475341797e+00 2.173578292131423950e-01 2.620104253292083740e-01 8.106251720018504969e-03 1.062756368309730401e-02 4.382707097520921469e-03 9.999010628315736504e-01
6.631499999999999773e+01 -7.126483917236328125e+00 2.710974216461181641e-01 2.664022147655487061e-01 7.950696648284511078e-04 1.492662772813277416e-02 4.935506159984763379e-03 9.998760945376373721e-01
6.651300000000000523e+01 -6.526307106018066406e+00 4.424829185009002686e-01 3.271188139915466309e-01 -3.037011633803823538e-02 3.303403617195486974e-02 5.358685202116478252e-03 9.989783245800223366e-01
6.670799999999999841e+01 -6.107586383819580078e+00 4.346212446689605713e-01 2.642366290092468262e-01 -2.357745026846030587e-02 2.766563142751822524e-02 5.524722649843789163e-03 9.993238684811832639e-01
6.690900000000000603e+01 -5.659348011016845703e+00 4.408211708068847656e-01 1.946855783462524414e-01 -2.687678289235556281e-02 2.174328578480182184e-02 5.261968357538933036e-03 9.993884028512847184e-01
6.710699999999999932e+01 -5.221454143524169922e+00 4.601239264011383057e-01 1.272674351930618286e-01 -2.679157006033530686e-02 1.671166809476847676e-02 5.157490048762865091e-03 9.994880350557426851e-01
6.729999999999999716e+01 -4.797161579132080078e+00 4.827596545219421387e-01 8.973774313926696777e-02 -2.728580682180252459e-02 1.184468442635929972e-02 5.427444823175527761e-03 9.995427609860494389e-01
6.750900000000000034e+01 -4.301279067993164062e+00 4.878919422626495361e-01 7.208327949047088623e-02 -2.942461327686632377e-02 1.342350689736495142e-02 5.310027886229675732e-03 9.994627582856353554e-01
6.770600000000000307e+01 -3.831275939941406250e+00 4.958716332912445068e-01 5.992189422249794006e-02 -2.769023530332356126e-02 1.404849632279256064e-02 5.195311492516089744e-03 9.995043268332612918e-01
6.792400000000000659e+01 -3.317240476608276367e+00 4.748892784118652344e-01 6.548444181680679321e-02 -2.757119568724529859e-02 1.357329935777312757e-02 5.155809163585638004e-03 9.995143882630146415e-01
6.812099999999999511e+01 -2.845560789108276367e+00 4.535450041294097900e-01 5.460424721240997314e-02 -2.246998643501646464e-02 1.458699330338774323e-02 4.952107384728174529e-03 9.996288291002952686e-01
6.832099999999999795e+01 -2.362744331359863281e+00 4.455054998397827148e-01 3.148286417126655579e-02 -1.807478484565295737e-02 1.405660925492367014e-02 4.753820785217511419e-03 9.997265201428736647e-01
6.850300000000000011e+01 -1.947936892509460449e+00 4.151391685009002686e-01 2.146797440946102142e-02 -1.496140411404552929e-02 1.405743547654194486e-02 4.946995972079461235e-03 9.997770112008034227e-01
6.870600000000000307e+01 -1.467206239700317383e+00 3.935918211936950684e-01 -7.310794666409492493e-03 -1.167371984176315478e-02 1.234669706280821545e-02 4.870568243677710421e-03 9.998437682466591037e-01
6.891599999999999682e+01 -9.803898334503173828e-01 3.637598752975463867e-01 -2.085226774215698242e-02 -4.680262142088834759e-03 1.107644058230901167e-02 5.274926124986433623e-03 9.999137876660586510e-01
6.912300000000000466e+01 -4.938217997550964355e-01 3.262048065662384033e-01 -3.196661919355392456e-02 -9.492284402405306480e-04 1.126618915198703691e-02 5.703740962414238259e-03 9.999198164284941459e-01
6.932099999999999795e+01 -1.997113227844238281e-02 2.919875383377075195e-01 -4.385633394122123718e-02 5.471858323077522651e-03 1.176519882709939173e-02 6.067346615517144569e-03 9.998974078214715178e-01
6.950499999999999545e+01 4.224538207054138184e-01 2.522925734519958496e-01 -4.564053937792778015e-02 1.181467088501053295e-02 1.120733049853410088e-02 6.696732324739978343e-03 9.998449695183478925e-01
6.970300000000000296e+01 8.975169658660888672e-01 2.009354978799819946e-01 -4.867220669984817505e-02 1.837182148265924936e-02 1.713051819619727800e-02 7.466164311553728956e-03 9.996565799874534974e-01
6.992000000000000171e+01 1.346270799636840820e+00 2.553436160087585449e-01 -1.317598223686218262e-01 1.343673258675796324e-02 4.645642803979909731e-03 7.308803979525853659e-03 9.998722186383210975e-01
7.010699999999999932e+01 1.718912363052368164e+00 2.937206029891967773e-01 -2.028909027576446533e-01 5.979022013054778248e-03 -7.534396837907970934e-03 7.597837449894691460e-03 9.999248756912397784e-01
7.030500000000000682e+01 2.217699527740478516e+00 2.367491275072097778e-01 -1.828046739101409912e-01 1.662600193390063527e-02 -1.558107487704526377e-05 8.389080297420564020e-03 9.998265845378825345e-01
7.050600000000000023e+01 2.692650079727172852e+00 2.335664033889770508e-01 -1.996809542179107666e-01 1.717944772658032762e-02 -2.190578229487031257e-03 8.619702415665297240e-03 9.998128668271355490e-01
7.070900000000000318e+01 3.148760318756103516e+00 2.424847483634948730e-01 -2.301047295331954956e-01 1.819466421660708225e-02 -5.824961476178837708e-03 8.607039421339838375e-03 9.997804473434382944e-01
7.092100000000000648e+01 3.604241847991943359e+00 2.721004188060760498e-01 -2.311256378889083862e-01 1.434273379841330409e-02 -1.246756063426427558e-02 8.144092996270639248e-03 9.997862369868305565e-01
7.111299999999999955e+01 3.988581657409667969e+00 2.887153625488281250e-01 -2.581363022327423096e-01 1.572310873101231965e-02 -2.036256131150555870e-02 7.056287347023636018e-03 9.996441160520799230e-01
7.131300000000000239e+01 4.377923488616943359e+00 2.888022661209106445e-01 -2.918535768985748291e-01 2.042097272872083272e-02 -3.504248325632830507e-02 6.245839046838815370e-03 9.991576440855785002e-01
7.150300000000000011e+01 4.727415084838867188e+00 3.149759173393249512e-01 -3.264708817005157471e-01 1.943185628537791657e-02 -4.783367183237881293e-02 5.143126683989657916e-03 9.986530383713101422e-01
7.171599999999999397e+01 5.118462085723876953e+00 3.468250036239624023e-01 -3.726880550384521484e-01 1.821261189924507432e-02 -6.347105772877686958e-02 3.814647329240011993e-03 9.978101893969368863e-01
7.191299999999999670e+01 5.494462966918945312e+00 3.633357286453247070e-01 -4.251888394355773926e-01 2.084440691101319132e-02 -7.710676716564325572e-02 3.241872988817187662e-03 9.967996525969077259e-01
7.210099999999999909e+01 5.857037067413330078e+00 3.843378126621246338e-01 -4.746314883232116699e-01 2.467876924862519653e-02 -8.939496724056268662e-02 2.125687681466047890e-03 9.956881939805818371e-01
7.230100000000000193e+01 6.291155338287353516e+00 4.524630010128021240e-01 -4.645621776580810547e-01 1.736164407788421890e-02 -9.552900758445086182e-02 2.018068485505278373e-03 9.952731833142247631e-01
7.251800000000000068e+01 6.804013252258300781e+00 5.479434132575988770e-01 -4.086319506168365479e-01 4.300867306793894861e-04 -9.446164886974325881e-02 1.784854569696337628e-03 9.955268083845749683e-01
7.270799999999999841e+01 7.327086448669433594e+00 7.118061780929565430e-01 -2.691071033477783203e-01 -2.584228496424956223e-02 -7.656456302170948358e-02 7.216949728402516535e-04 9.967294132077608726e-01
7.290300000000000580e+01 8.037536621093750000e+00 1.013395905494689941e+00 2.350360155105590820e-03 -7.132520174252843237e-02 -3.643017091919194955e-02 -3.535644362539873235e-03 9.967813488735268734e-01
7.310899999999999466e+01 8.786524772644042969e+00 1.258115291595458984e+00 2.737956345081329346e-01 -9.452491716316106796e-02 6.751526018632098350e-03 -1.111285841861854237e-02 9.954375727836904941e-01
7.329999999999999716e+01 9.172934532165527344e+00 1.293700456619262695e+00 1.439763009548187256e-01 -9.402249975033986906e-02 -1.085236347491842432e-02 -1.747446532363004443e-02 9.953575432021193325e-01
7.351900000000000546e+01 9.734301567077636719e+00 1.308750510215759277e+00 2.169501483440399170e-01 -9.322591376682613784e-02 1.356186378711680181e-03 -1.875769868340641106e-02 9.954673467778585305e-01
7.370399999999999352e+01 9.778165817260742188e+00 1.320639848709106445e+00 1.621258854866027832e-01 -9.300631935384010007e-02 -1.010991556010067821e-02 -1.891082534231718765e-02 9.954345758775368092e-01
7.390999999999999659e+01 9.781733512878417969e+00 1.357010602951049805e+00 1.564509123563766479e-01 -8.914801122078071238e-02 -8.747042595597036979e-03 -2.038760695120662644e-02 9.957712924281425515e-01
7.411199999999999477e+01 9.778388023376464844e+00 1.379845380783081055e+00 1.547490954399108887e-01 -9.042348080119562426e-02 -9.423385780925944838e-03 -2.149073000343991111e-02 9.956269092607626936e-01
7.430500000000000682e+01 9.735704421997070312e+00 1.386460065841674805e+00 1.789314001798629761e-01 -9.239237333574795707e-02 -3.250530108674222138e-03 -2.099126244554771342e-02 9.954960825158191140e-01
7.451699999999999591e+01 9.679162979125976562e+00 1.387919187545776367e+00 1.859498172998428345e-01 -9.179260325305318990e-02 -2.473146019149715519e-03 -2.341669686661863176e-02 9.954997035884302070e-01
7.470300000000000296e+01 9.445321083068847656e+00 1.406224250793457031e+00 1.842549145221710205e-01 -9.212355815258119196e-02 -1.988857557799923129e-03 -2.460108101645243697e-02 9.954416513747779138e-01
7.491100000000000136e+01 8.979748725891113281e+00 1.413729786872863770e+00 1.530946195125579834e-01 -9.466552848093695571e-02 -4.509153278555533793e-03 -2.482347316087819833e-02 9.951893791808504863e-01
7.511199999999999477e+01 8.510615348815917969e+00 1.437911152839660645e+00 1.570977419614791870e-01 -9.386215941133189966e-02 -3.842626952101846176e-03 -2.496978929416145826e-02 9.952646074644441176e-01
7.531999999999999318e+01 8.020701408386230469e+00 1.460896968841552734e+00 1.522435098886489868e-01 -9.285023355826647895e-02 -3.697207361881094199e-03 -2.492733705487813062e-02 9.953611368007347915e-01
7.551300000000000523e+01 7.574453830718994141e+00 1.461009740829467773e+00 1.374404281377792358e-01 -9.061824582177752108e-02 -5.644864683155007695e-03 -2.481153134888671591e-02 9.955605742188748941e-01
7.571800000000000352e+01 7.101218700408935547e+00 1.478884696960449219e+00 1.567663997411727905e-01 -8.714385296146452686e-02 -9.710353007005810555e-04 -2.520102080137374273e-02 9.958764554562198335e-01
7.590399999999999636e+01 6.617128849029541016e+00 1.423589706420898438e+00 9.230115264654159546e-02 -7.490055189850118589e-02 -4.591802384263297260e-03 -2.498988529917568757e-02 9.968672571154585382e-01
7.611499999999999488e+01 6.110985755920410156e+00 1.359954953193664551e+00 4.707798361778259277e-02 -5.814794310141285782e-02 -6.146257736230410426e-03 -2.444152433594038581e-02 9.979898056177980425e-01
7.631199999999999761e+01 5.630423069000244141e+00 1.275614738464355469e+00 -2.276137471199035645e-03 -3.880956406656721480e-02 -8.372581616500196847e-03 -2.438911041979155078e-02 9.989138545975670969e-01
7.651000000000000512e+01 5.142120361328125000e+00 1.210026025772094727e+00 -6.483774632215499878e-02 -2.108222820315170526e-02 -1.078587530633591703e-02 -2.467006873966539476e-02 9.994151250887923776e-01
7.670999999999999375e+01 4.638933181762695312e+00 1.135059714317321777e+00 -1.386694014072418213e-01 -4.146701896965791605e-03 -1.435376324909677995e-02 -2.594883461620964282e-02 9.995516156387459494e-01
7.691100000000000136e+01 4.121711254119873047e+00 1.051546812057495117e+00 -2.296802252531051636e-01 1.724755327594169885e-02 -2.038273253041910163e-02 -2.661356106874574606e-02 9.992891395826472012e-01
7.711199999999999477e+01 3.728813171386718750e+00 1.098836183547973633e+00 -1.781260222196578979e-01 1.381786749166914220e-02 -7.004658901440482567e-03 -2.742628622365588659e-02 9.995037769391544868e-01
7.730500000000000682e+01 3.276760339736938477e+00 1.097445607185363770e+00 -1.846897602081298828e-01 1.871262124553872350e-02 -4.554676239395933322e-03 -2.707386005107255758e-02 9.994478970073479296e-01
7.750300000000000011e+01 2.961411476135253906e+00 1.149996995925903320e+00 -1.879156380891799927e-01 1.926035848755431809e-02 -3.890129135925867766e-03 -2.746278405709884352e-02 9.994296878610671175e-01
7.772299999999999898e+01 2.824019193649291992e+00 1.174720287322998047e+00 -1.861360669136047363e-01 1.684838966035152527e-02 -4.031818022348932114e-03 -2.742503367835471065e-02 9.994737333902420362e-01
7.791899999999999693e+01 2.849845409393310547e+00 1.145095229148864746e+00 -1.597236543893814087e-01 2.360168003020811714e-02 -6.309766860314724047e-04 -2.738079775506848182e-02 9.993462135228556864e-01
7.810200000000000387e+01 2.830161571502685547e+00 1.169384479522705078e+00 -1.809621453285217285e-01 1.806721314083073460e-02 -3.990949861760659939e-03 -2.739166789407351116e-02 9.994535230107026713e-01
7.832099999999999795e+01 2.842639446258544922e+00 1.153942346572875977e+00 -1.688437014818191528e-01 1.876626208007553184e-02 -2.593820535761611010e-03 -2.747095969963727832e-02 9.994430678511662114e-01
7.851500000000000057e+01 2.837310552597045898e+00 1.159345149993896484e+00 -1.736975014209747314e-01 1.912435523196373555e-02 -2.380217763115539953e-03 -2.749876051550187439e-02 9.994360468636664940e-01
7.870699999999999363e+01 2.841853857040405273e+00 1.155302286148071289e+00 -1.691787689924240112e-01 1.849381624894615508e-02 -2.092225205417407117e-03 -2.748746645626464966e-02 9.994488683980063959e-01
7.890900000000000603e+01 2.840364456176757812e+00 1.158215641975402832e+00 -1.702231466770172119e-01 1.917782491218593399e-02 -3.236900506646751483e-03 -2.751477404800877630e-02 9.994321741448164431e-01
7.912600000000000477e+01 2.845494985580444336e+00 1.151346564292907715e+00 -1.648737043142318726e-01 2.095426799030773030e-02 -1.392263823225943281e-03 -2.762002729789723304e-02 9.993978758965320619e-01
7.930500000000000682e+01 2.845598220825195312e+00 1.150454878807067871e+00 -1.643179506063461304e-01 2.220090031484421231e-02 -1.067240212594345455e-03 -2.763100416507425355e-02 9.993710565312408090e-01
7.951300000000000523e+01 2.845416545867919922e+00 1.151101350784301758e+00 -1.640607863664627075e-01 1.989547269046352401e-02 2.305292995962140903e-04 -2.769631985206805549e-02 9.994183462841359500e-01
7.971200000000000330e+01 2.844555377960205078e+00 1.150978326797485352e+00 -1.644231379032135010e-01 1.889183990635195237e-02 -7.884670968491886605e-04 -2.770991968989056781e-02 9.994371601333270627e-01
7.990000000000000568e+01 2.845966339111328125e+00 1.151034116744995117e+00 -1.637506037950515747e-01 2.120842590144045997e-02 -1.381532511802343981e-03 -2.773545825208893409e-02 9.993893327398730708e-01
8.011400000000000432e+01 2.847250938415527344e+00 1.149661183357238770e+00 -1.641921848058700562e-01 1.964944507734326176e-02 -1.270518090792135523e-04 -2.781175318071876096e-02 9.994200265909248815e-01
8.030599999999999739e+01 2.846592903137207031e+00 1.150759816169738770e+00 -1.644769459962844849e-01 2.144419284462046466e-02 -6.747396685931599403e-05 -2.783368043377507442e-02 9.993825234983935157e-01
8.051000000000000512e+01 2.847525119781494141e+00 1.150498867034912109e+00 -1.645692437887191772e-01 2.146099724622394997e-02 -8.435277555527616886e-04 -2.784458684814755322e-02 9.993815052528133291e-01
8.070199999999999818e+01 2.847956418991088867e+00 1.150005221366882324e+00 -1.645662486553192139e-01 2.141492616869198132e-02 2.689823591826180551e-03 -2.800773784572072045e-02 9.993746706851236450e-01
8.092400000000000659e+01 2.848680973052978516e+00 1.151799559593200684e+00 -1.645670533180236816e-01 2.045687030119782562e-02 -2.694234668423225836e-04 -2.799568425427016033e-02 9.993986619620872647e-01
8.111700000000000443e+01 2.849734544754028320e+00 1.152228355407714844e+00 -1.646723300218582153e-01 2.182717796508975086e-02 4.598084570136408249e-04 -2.809156564102143969e-02 9.993669130094807729e-01
8.130500000000000682e+01 2.849284887313842773e+00 1.152124404907226562e+00 -1.646379679441452026e-01 2.222208272977450536e-02 -9.115863997820322770e-04 -2.808128329729927403e-02 9.993581888280916870e-01
8.150199999999999534e+01 2.849439144134521484e+00 1.154125094413757324e+00 -1.641139388084411621e-01 2.020842757402409318e-02 -9.615972696515864490e-04 -2.807698821276003592e-02 9.994010093643977966e-01
8.170099999999999341e+01 2.849620342254638672e+00 1.154922604560852051e+00 -1.647970676422119141e-01 2.137341516245262404e-02 -3.188094836127871082e-04 -2.816972326031937437e-02 9.993745755102256823e-01
8.190999999999999659e+01 2.848218679428100586e+00 1.154718041419982910e+00 -1.646074056625366211e-01 2.113060062612356904e-02 -4.788910562079242263e-04 -2.817294970130288650e-02 9.993795841849398842e-01
8.211299999999999955e+01 2.849818706512451172e+00 1.154537558555603027e+00 -1.644527316093444824e-01 2.107352302349561196e-02 -6.475705004715171832e-04 -2.826854945242020939e-02 9.993779947505755379e-01
8.231000000000000227e+01 2.849420309066772461e+00 1.153869986534118652e+00 -1.644723862409591675e-01 1.929815981126333305e-02 -1.259166584183033909e-03 -2.826873931711421789e-02 9.994132648233330363e-01
8.251699999999999591e+01 2.848814964294433594e+00 1.154913783073425293e+00 -1.645244956016540527e-01 2.129825183180305767e-02 4.552416135379174118e-04 -2.830879392263839500e-02 9.993721976374109195e-01
8.271800000000000352e+01 2.850632429122924805e+00 1.154836416244506836e+00 -1.644943654537200928e-01 2.089786332198654770e-02 -1.433225197700608699e-03 -2.837940367443238937e-02 9.993777236966971955e-01
8.292100000000000648e+01 2.849917650222778320e+00 1.154174566268920898e+00 -1.643026620149612427e-01 2.120424569013105651e-02 -1.576569374751979769e-03 -2.840719074058718069e-02 9.993702646706811299e-01
8.311499999999999488e+01 2.851108789443969727e+00 1.154051542282104492e+00 -1.643362939357757568e-01 2.066709785935423246e-02 -1.129659603619376142e-03 -2.843561297084912232e-02 9.993813140389526950e-01
8.331699999999999307e+01 2.850709676742553711e+00 1.155335545539855957e+00 -1.646160930395126343e-01 2.221078515573898446e-02 -1.263239119256215782e-03 -2.852362094978371995e-02 9.993455299833017280e-01
8.350600000000000023e+01 2.851405620574951172e+00 1.155828952789306641e+00 -1.642697453498840332e-01 2.124289209944796308e-02 -7.310393060735215134e-04 -2.859320175822623739e-02 9.993651154257873204e-01
8.370000000000000284e+01 2.850991249084472656e+00 1.156422376632690430e+00 -1.644589900970458984e-01 2.066633378753884864e-02 -9.794181286998354229e-04 -2.860821278675980059e-02 9.993765624373319723e-01
8.391299999999999670e+01 2.849839210510253906e+00 1.156383275985717773e+00 -1.643910109996795654e-01 2.220657691465173847e-02 -1.426123064064266756e-03 -2.863490449358029738e-02 9.993422218436400772e-01
