4.791299999999999670e+01 -1.330029033124446869e-02 8.858232200145721436e-02 -5.746345035731792450e-03 1.474543492786498794e-02 2.079505366842870906e-02 -7.580064161972543957e-03 9.996462776997749877e-01
4.812299999999999756e+01 -1.369027607142925262e-02 8.774484694004058838e-02 -6.166123785078525543e-03 1.481617151465977264e-02 2.061411922402866387e-02 -7.666552957521009619e-03 9.996483197184975467e-01
4.832300000000000040e+01 -1.339839026331901550e-02 8.806582540273666382e-02 -6.411660928279161453e-03 1.465366350834069152e-02 2.078745328064760672e-02 -7.672312515953030876e-03 9.996470815005397137e-01
4.851800000000000068e+01 -1.283424627035856247e-02 8.729186654090881348e-02 -7.153872400522232056e-03 1.472837662840272704e-02 2.079858623998896358e-02 -7.753274559308359279e-03 9.996451272656300402e-01
4.870000000000000284e+01 -1.323832757771015167e-02 8.958373218774795532e-02 -6.634877994656562805e-03 1.469242640833813562e-02 2.093168263115361208e-02 -7.765945801701645834e-03 9.996427798740253889e-01
4.892799999999999727e+01 -1.203799154609441757e-02 8.970715850591659546e-02 -7.292720489203929901e-03 1.461956568076488300e-02 2.082771785084966062e-02 -7.806201568542092337e-03 9.996457060806606121e-01
4.911099999999999710e+01 -1.211450900882482529e-02 8.966498821973800659e-02 -7.532008923590183258e-03 1.485187143514729059e-02 2.077894388148767563e-02 -7.852881077229419832e-03 9.996429310833098159e-01
4.932399999999999807e+01 -1.323786750435829163e-02 9.087201207876205444e-02 -7.131285034120082855e-03 1.464382384130206646e-02 2.084645549225105227e-02 -7.854220340847236151e-03 9.996445843096194439e-01
4.951200000000000045e+01 -1.331918220967054367e-02 9.101230651140213013e-02 -7.429236080497503281e-03 1.475736647238389682e-02 2.090291079317200748e-02 -7.943704186511904228e-03 9.996410285792443062e-01
4.971999999999999886e+01 -1.251800172030925751e-02 9.202472865581512451e-02 -7.385473698377609253e-03 1.483758142218094198e-02 2.088076473429569327e-02 -7.951256081296050049e-03 9.996402439719905830e-01
4.990400000000000347e+01 -1.397698186337947845e-02 9.160339087247848511e-02 -7.317205425351858139e-03 1.465104203806334715e-02 2.072361305599823567e-02 -7.976515655776028960e-03 9.996460643783364741e-01
5.010499999999999687e+01 -1.339364890009164810e-02 9.199263900518417358e-02 -7.921765558421611786e-03 1.476310636877798711e-02 2.076951687029032073e-02 -8.046326768130326185e-03 9.996429034834686256e-01
5.031499999999999773e+01 -1.417792495340108871e-02 9.245987236499786377e-02 -6.986788474023342133e-03 1.473499053556613300e-02 2.076659744714582506e-02 -8.038842996810442385e-03 9.996434391760181670e-01
5.050500000000000256e+01 -1.348257716745138168e-02 9.286048263311386108e-02 -7.438792381435632706e-03 1.475203013379730414e-02 2.071046036661504386e-02 -8.095635051917324937e-03 9.996438941600357397e-01
5.072399999999999665e+01 -1.389951072633266449e-02 9.395663440227508545e-02 -7.361073046922683716e-03 1.481627637647822682e-02 2.080617282930974365e-02 -8.102193404945209898e-03 9.996409033190676308e-01
5.091499999999999915e+01 -1.353460177779197693e-02 9.421234577894210815e-02 -7.341395597904920578e-03 1.459287169242110861e-02 2.066201467075299419e-02 -8.140355056234407916e-03 9.996468695819901162e-01
5.110300000000000153e+01 -1.322680152952671051e-02 9.393694996833801270e-02 -7.813550531864166260e-03 1.460911283380570726e-02 2.059156714599031518e-02 -8.203237389685017270e-03 9.996475719377352354e-01
5.132200000000000273e+01 -1.365846674889326096e-02 9.457182884216308594e-02 -8.084370754659175873e-03 1.455358546262124422e-02 2.076286235719767073e-02 -8.221439583866898063e-03 9.996446891911581201e-01
5.150900000000000034e+01 -1.350810192525386810e-02 9.556957334280014038e-02 -7.320399396121501923e-03 1.446800015261870756e-02 2.085833833864212880e-02 -8.250398462205441388e-03 9.996437053363309566e-01
5.171000000000000085e+01 -1.459663361310958862e-02 9.652163088321685791e-02 -7.963333278894424438e-03 1.464541042789301376e-02 2.065009041362615705e-02 -8.275606400703273968e-03 9.996452371006467885e-01
5.190699999999999648e+01 -1.351328194141387939e-02 9.750466793775558472e-02 -8.269098587334156036e-03 1.482964907768694052e-02 2.078640312193390238e-02 -8.314798518281882669e-03 9.996393705127293305e-01
5.210399999999999920e+01 -1.438014674931764603e-02 9.753459692001342773e-02 -8.068785071372985840e-03 1.449513660306205737e-02 2.065625407748150275e-02 -8.363123127834331746e-03 9.996465717211727720e-01
5.232300000000000040e+01 -1.340896449983119965e-02 9.778764098882675171e-02 -8.753175847232341766e-03 1.488661485991942153e-02 2.070600169891353981e-02 -8.445279975023809935e-03 9.996390985939876961e-01
5.252199999999999847e+01 -1.427518855780363083e-02 9.788771718740463257e-02 -8.270609192550182343e-03 1.486690017169884324e-02 2.080339986022780932e-02 -8.474899426337981559e-03 9.996371191153584634e-01
5.272500000000000142e+01 -1.478273794054985046e-02 9.822026640176773071e-02 -8.352132514119148254e-03 1.465824127790234938e-02 2.061132262773442830e-02 -8.496203964524136690e-03 9.996439985616716317e-01
5.292099999999999937e+01 -1.479364559054374695e-02 9.893305599689483643e-02 -8.380006998777389526e-03 1.467725783663208390e-02 2.071533182034546519e-02 -8.538211891828011157e-03 9.996412116692968697e-01
5.310699999999999932e+01 -1.353822089731693268e-02 1.003217250108718872e-01 -8.328622207045555115e-03 1.454091968748558693e-02 2.071548150373030486e-02 -8.568395346516100020e-03 9.996429427960248359e-01
5.331900000000000261e+01 -1.436498854309320450e-02 1.005260348320007324e-01 -8.936769329011440277e-03 1.464614885084681954e-02 2.058337207724308254e-02 -8.623952377114814036e-03 9.996436577916983923e-01
5.351200000000000045e+01 -1.436733268201351166e-02 1.003348082304000854e-01 -8.714955300092697144e-03 1.459400697641462588e-02 2.069015588349762402e-02 -8.661330421437947111e-03 9.996418927622130468e-01
5.371900000000000119e+01 -1.482537668198347092e-02 1.016831845045089722e-01 -9.138200432062149048e-03 1.467139661064626247e-02 2.062326782757705271e-02 -8.695807970991630692e-03 9.996418427963771336e-01
5.390400000000000347e+01 -1.495610270649194717e-02 1.017458438873291016e-01 -9.762547910213470459e-03 1.454906211485390913e-02 2.064445169672871061e-02 -8.736203705732864186e-03 9.996428412940951969e-01
5.412299999999999756e+01 -1.550705451518297195e-02 1.013859957456588745e-01 -9.246439673006534576e-03 1.462720486597587216e-02 2.070947177422630125e-02 -8.789885305232938636e-03 9.996398854452347438e-01
5.431600000000000250e+01 -1.480064541101455688e-02 1.026686131954193115e-01 -9.335365146398544312e-03 1.452039907631637837e-02 2.057381935021840302e-02 -8.827489769668276157e-03 9.996439122969617008e-01
5.450999999999999801e+01 -1.529518421739339828e-02 1.022965461015701294e-01 -9.014280512928962708e-03 1.456513755505074552e-02 2.057964172738413131e-02 -8.859951834821466754e-03 9.996428544074426048e-01
5.471399999999999864e+01 -1.546746492385864258e-02 1.025037914514541626e-01 -9.483419358730316162e-03 1.463652019854695674e-02 2.067067982042527369e-02 -8.882774482365242766e-03 9.996397308979542151e-01
5.492399999999999949e+01 -1.533261500298976898e-02 1.029770299792289734e-01 -9.161784313619136810e-03 1.463307517315454685e-02 2.059017140097966700e-02 -8.917655193641604514e-03 9.996411322962367452e-01
5.511200000000000188e+01 -1.553474273532629013e-02 1.032596752047538757e-01 -8.844322524964809418e-03 1.472632080329976459e-02 2.065194730868239251e-02 -8.931498361736808431e-03 9.996383650525684228e-01
5.531499999999999773e+01 -1.515475101768970490e-02 1.036162450909614563e-01 -9.386911056935787201e-03 1.456275418691543172e-02 2.084428794633745932e-02 -9.010604510580888515e-03 9.996360592019757352e-01
5.551100000000000279e+01 -1.521562505513429642e-02 1.037944331765174866e-01 -9.626354090869426727e-03 1.465362474922516159e-02 2.063017151467081561e-02 -9.060993250607475569e-03 9.996387175906588096e-01
5.570600000000000307e+01 -1.460760366171598434e-02 1.042873412370681763e-01 -1.018696371465921402e-02 1.462070109335597036e-02 2.051626351230681489e-02 -9.074709743145926988e-03 9.996414195470841868e-01
5.590400000000000347e+01 -1.540525723248720169e-02 1.055728569626808167e-01 -9.657405316829681396e-03 1.466094511240230783e-02 2.046218088399784016e-02 -9.141921052603816170e-03 9.996413262372408903e-01
5.611500000000000199e+01 -3.971703350543975830e-02 7.196134328842163086e-02 1.292911171913146973e-02 1.454063508185050695e-02 2.147987933652748677e-02 -8.158561052043537820e-03 9.996302429381899168e-01
5.631300000000000239e+01 -1.183688715100288391e-01 7.893652468919754028e-02 -4.194571450352668762e-02 4.108458965526807539e-03 1.187770687922862396e-02 -7.106184249212004964e-03 9.998957659624506666e-01
5.652100000000000080e+01 -1.723069250583648682e-01 6.153813377022743225e-02 -5.395875498652458191e-02 3.968111349162437539e-03 9.624305316646004221e-03 -6.190219208492745914e-03 9.999266513228074471e-01
5.671999999999999886e+01 -2.798635959625244141e-01 -6.674310564994812012e-02 4.025881364941596985e-02 1.633315678913312488e-02 2.338577125104708207e-02 -3.560409765928267915e-03 9.995867431967043748e-01
5.689999999999999858e+01 -6.039702296257019043e-01 -7.881678640842437744e-02 8.397525548934936523e-02 1.631380400284484361e-02 2.988393487187990596e-02 -1.881908111597357068e-03 9.994184652373546696e-01
5.710900000000000176e+01 -1.068742156028747559e+00 -2.827240526676177979e-02 1.006269082427024841e-01 1.390320592648474317e-02 3.152965900867153726e-02 -1.666652339813946967e-03 9.994047246925245043e-01
5.731300000000000239e+01 -1.568112134933471680e+00 2.183001488447189331e-02 9.539431333541870117e-02 4.042456863227046962e-03 2.918395862655782241e-02 -1.214106411364926450e-03 9.995651459744953060e-01
5.750399999999999778e+01 -2.024328470230102539e+00 3.882167115807533264e-02 1.160914599895477295e-01 5.626928210536334468e-04 2.934184077929931356e-02 -7.668842154108935615e-04 9.995689829346804389e-01
5.770000000000000284e+01 -2.468980550765991211e+00 4.585118219256401062e-02 1.475038230419158936e-01 -7.562658957863275990e-04 3.113924755773860367e-02 -5.501942621000411584e-04 9.995146185072565359e-01
5.790400000000000347e+01 -2.972494840621948242e+00 1.032833382487297058e-01 1.301860213279724121e-01 -8.355988333698917414e-03 2.682484393606936884e-02 -5.752321269080363370e-05 9.996052230244961700e-01
5.810999999999999943e+01 -3.522350311279296875e+00 1.799532324075698853e-01 7.962699979543685913e-02 -2.103125379660228042e-02 1.721959800513374328e-02 4.948050318522313187e-04 9.996303951842724356e-01
5.829999999999999716e+01 -3.981732368469238281e+00 2.117108106613159180e-01 6.389912217855453491e-02 -2.541635183757091562e-02 1.413804955643407218e-02 5.589430691218617766e-04 9.995768165562135543e-01
5.850999999999999801e+01 -4.474746227264404297e+00 2.116974145174026489e-01 7.452964782714843750e-02 -2.554479316286810062e-02 1.400098241495609068e-02 6.063317587766594435e-04 9.995754440738732205e-01
5.871399999999999864e+01 -4.970015048980712891e+00 2.140126526355743408e-01 8.727265894412994385e-02 -2.623227770408303669e-02 1.364504704812640086e-02 8.118146029398799930e-04 9.995624148869146630e-01
5.891100000000000136e+01 -5.432993412017822266e+00 2.097566276788711548e-01 9.225145727396011353e-02 -2.709951164825380107e-02 1.261177267389563574e-02 7.504801066684297153e-04 9.995528982690499165e-01
5.911800000000000210e+01 -5.894659042358398438e+00 1.959571540355682373e-01 1.483743935823440552e-01 -2.476142525699964736e-02 1.746064729891816034e-02 1.027403752700366529e-03 9.995403653963524926e-01
5.931199999999999761e+01 -6.304736137390136719e+00 1.894659101963043213e-01 2.173396050930023193e-01 -2.463079840231644987e-02 2.355064986024996490e-02 8.701361501972492557e-04 9.994187978641909664e-01
5.952100000000000080e+01 -6.762550354003906250e+00 1.810083538293838501e-01 2.781112194061279297e-01 -2.281709828092148146e-02 2.711733263443825634e-02 2.617190998924488515e-04 9.993717835720321574e-01
5.971699999999999875e+01 -7.179293155670166016e+00 1.878791898488998413e-01 3.538385033607482910e-01 -2.215554795112664732e-02 3.367237775453532644e-02 3.194926886477030947e-04 9.991872700328819912e-01
5.992199999999999704e+01 -7.632874488830566406e+00 2.168389111757278442e-01 4.162887334823608398e-01 -2.723946532339099544e-02 3.875439524790650486e-02 1.706332515435103094e-05 9.988774239548652289e-01
6.011599999999999966e+01 -8.043421745300292969e+00 2.352021932601928711e-01 4.697257280349731445e-01 -2.893519954337049616e-02 4.303255258508136699e-02 -6.077433192005349261e-05 9.986545698848416919e-01
6.030100000000000193e+01 -8.492238044738769531e+00 1.900908201932907104e-01 4.873645305633544922e-01 -2.179610424211236158e-02 4.196077246467382060e-02 -2.803286471575154462e-04 9.988814468343500952e-01
6.051200000000000045e+01 -8.945203781127929688e+00 1.894844472408294678e-01 5.615425705909729004e-01 -2.062850666985093298e-02 4.968639527084432739e-02 -1.350024691630321606e-04 9.985518056725422031e-01
6.070199999999999818e+01 -9.302905082702636719e+00 1.938756704330444336e-01 6.750114560127258301e-01 -2.059567026353629343e-02 5.944132900712618961e-02 -8.631288633584007289e-04 9.980189385882551889e-01
6.090699999999999648e+01 -9.721085548400878906e+00 1.987625509500503540e-01 7.976258993148803711e-01 -1.692304860427132004e-02 6.807303043949292087e-02 -1.570063998117950067e-03 9.975355672113966898e-01
6.110399999999999920e+01 -1.011596775054931641e+01 1.571822762489318848e-01 9.110916852951049805e-01 -1.032036518827772476e-02 7.616451285625777667e-02 -2.272111954799121980e-03 9.970392642975572928e-01
6.130100000000000193e+01 -1.053941249847412109e+01 1.660183072090148926e-01 9.909433722496032715e-01 -1.094415522810905823e-02 7.934572318477298158e-02 -2.535752145124355733e-03 9.967838540223686872e-01
6.150900000000000034e+01 -1.116011810302734375e+01 2.682648897171020508e-01 9.304411411285400391e-01 -2.570152612037199594e-02 6.300074065621120989e-02 -1.537633450695933537e-03 9.976812987699148483e-01
6.170900000000000318e+01 -1.209715843200683594e+01 1.344326436519622803e-01 9.018069505691528320e-01 -6.536546447194008236e-02 2.272257683579082671e-02 6.297223184950332189e-03 9.975827712708695838e-01
6.192099999999999937e+01 -1.303838825225830078e+01 4.919083788990974426e-02 1.168193936347961426e+00 -1.308259187336571761e-01 -2.297705215852198501e-02 1.709692910156993678e-02 9.909915888022939878e-01
6.211099999999999710e+01 -1.348328971862792969e+01 3.688547611236572266e-01 9.649546742439270020e-01 -1.310789385645513005e-01 -2.703856614915470941e-02 1.715660963936781885e-02 9.908546202905200717e-01
6.230400000000000205e+01 -1.381033325195312500e+01 2.961113750934600830e-01 7.843405008316040039e-01 -9.950043752879207670e-02 -1.355347036007192169e-02 1.278480746462114584e-02 9.948630634770144754e-01
6.250099999999999767e+01 -1.406869506835937500e+01 3.044575750827789307e-01 6.896674633026123047e-01 -8.285967955641250493e-02 -1.982451498146231388e-03 1.653119063709402106e-02 9.964221309896654777e-01
6.271900000000000119e+01 -1.432285690307617188e+01 3.536915481090545654e-01 7.358579039573669434e-01 -1.033045714797502512e-01 -8.993482950391342573e-03 1.906826730629904154e-02 9.944263089629827856e-01
6.290899999999999892e+01 -1.427481937408447266e+01 3.379074931144714355e-01 6.769353747367858887e-01 -9.789338318336995859e-02 -1.104926092114471778e-02 1.501258143102418043e-02 9.950223222424646741e-01
6.310099999999999909e+01 -1.411438655853271484e+01 4.426249861717224121e-01 6.238062381744384766e-01 -8.293657737649448580e-02 -4.534492904117006298e-03 1.452867534593177412e-02 9.964385982587526946e-01
6.330400000000000205e+01 -1.403353786468505859e+01 4.073906838893890381e-01 5.725098252296447754e-01 -7.877743003397039145e-02 -5.661836396662265486e-03 1.275968978581328885e-02 9.967944875662334558e-01
6.350900000000000034e+01 -1.395123100280761719e+01 5.143539309501647949e-01 6.232671737670898438e-01 -8.774464726455573349e-02 -1.039306821794588540e-02 1.406591041995674911e-02 9.959894633847756751e-01
6.370199999999999818e+01 -1.373309040069580078e+01 5.243378877639770508e-01 7.188488841056823730e-01 -1.110104286532746648e-01 -2.470059915537500123e-02 1.771210503194094177e-02 9.933543408406283470e-01
6.391599999999999682e+01 -1.331054878234863281e+01 5.857262611389160156e-01 7.576979994773864746e-01 -1.137804644011214672e-01 -3.068521098024318619e-02 1.770033614834595759e-02 9.928741722131755321e-01
6.411899999999999977e+01 -1.267750167846679688e+01 5.582163333892822266e-01 5.969368219375610352e-01 -8.478079164920908350e-02 -1.967551194337911410e-02 1.354690892424707978e-02 9.961132329487936143e-01
6.430200000000000671e+01 -1.185293102264404297e+01 5.931089520454406738e-01 5.272991657257080078e-01 -4.663030266273210378e-02 7.529431430086255296e-03 7.122483367858357256e-03 9.988584448091712975e-01
6.451399999999999579e+01 -1.115930747985839844e+01 4.096734821796417236e-01 8.145847320556640625e-01 -2.530306653979564821e-02 4.397679984373381590e-02 6.214452567028830657e-03 9.986927337667370619e-01
6.470999999999999375e+01 -1.061071300506591797e+01 3.604557216167449951e-01 8.595788478851318359e-01 -1.615599595106258571e-02 5.691258015527340952e-02 5.381826214162622676e-03 9.982339294782057726e-01
6.491899999999999693e+01 -1.004549694061279297e+01 3.148651719093322754e-01 8.482443094253540039e-01 -7.185163305093900284e-03 6.704382130591532429e-02 4.643614137318817676e-03 9.977133537748822389e-01
6.510999999999999943e+01 -9.620676040649414062e+00 3.358596265316009521e-01 7.863191366195678711e-01 -1.022852047724087665e-02 6.460609985061514793e-02 4.196000802617708483e-03 9.978495992925003888e-01
6.530899999999999750e+01 -9.206236839294433594e+00 3.550324440002441406e-01 6.581029295921325684e-01 -1.265346736965805227e-02 5.392969708298372966e-02 4.636528700070902294e-03 9.984537946934128883e-01
6.551399999999999579e+01 -8.854941368103027344e+00 3.067602813243865967e-01 5.183217525482177734e-01 -5.908449799471126966e-03 3.724237547545668908e-02 4.513044852588983698e-03 9.992786038518340908e-01
6.571299999999999386e+01 -8.432342529296875000e+00 2.821688950061798096e-01 4.550932943820953369e-01 -2.095643271229477144e-03 3.167799070840610770e-02 4.541443597580878920e-03 9.994856119394655014e-01
6.590200000000000102e+01 -8.050275802612304688e+00 2.353649139404296875e-01 3.456203937530517578e-01 8.309112932140223090e-03 1.877484136571760942e-02 4.338260402456127485e-03 9.997797974907541851e-01
6.611899999999999977e+01 -7.598845958709716797e+00 2.192773371934890747e-01 2.610185742378234863e-01 1.162566294443399470e-02 1.002077391412650037e-02 4.421034696702326808e-03 9.998724331150823375e-01
6.631499999999999773e+01 -7.127561569213867188e+00 2.730810046195983887e-01 2.653788030147552490e-01 8.911456597825600547e-04 1.409254701513616530e-02 5.003472220404834268e-03 9.998877793251494950e-01
6.651300000000000523e+01 -6.527407169342041016e+00 4.445468485355377197e-01 3.260557949542999268e-01 -2.597312147723122508e-02 3.219493843502042874e-02 5.259803320414516495e-03 9.991302304349143348e-01
6.670799999999999841e+01 -6.108691692352294922e+00 4.367431700229644775e-01 2.631451189517974854e-01 -2.276063303480442210e-02 2.688668829753115830e-02 5.553161775748506265e-03 9.993639086791851200e-01
6.690900000000000603e+01 -5.660461902618408203e+00 4.430051147937774658e-01 1.935638487339019775e-01 -2.284468751123224645e-02 2.166568644485338674e-02 5.240538552472513364e-03 9.994904977232488275e-01
6.710699999999999932e+01 -5.222409248352050781e+00 4.637165367603302002e-01 1.256971359252929688e-01 -2.457895228605864318e-02 1.615900857722958953e-02 5.216329468421816544e-03 9.995536761240976231e-01
6.729999999999999716e+01 -4.798127174377441406e+00 4.864455163478851318e-01 8.812845498323440552e-02 -2.708012517910231634e-02 1.251263583073022184e-02 5.552493893621775894e-03 9.995395292715607560e-01
6.750900000000000034e+01 -4.302250385284423828e+00 4.916864931583404541e-01 7.042793929576873779e-02 -2.723603436839499778e-02 1.255665639877855642e-02 5.366395300925427304e-03 9.995357575461925048e-01
6.770600000000000307e+01 -3.832252502441406250e+00 4.997690618038177490e-01 5.822280794382095337e-02 -2.659837544633409517e-02 1.269248909459534148e-02 5.253529774061128400e-03 9.995518133489190715e-01
6.792400000000000659e+01 -3.318214893341064453e+00 4.788990914821624756e-01 6.373704969882965088e-02 -2.436718048628667282e-02 1.422195418388014568e-02 5.237120589759484794e-03 9.995881897572962416e-01
6.812099999999999511e+01 -2.846534252166748047e+00 4.576582312583923340e-01 5.281253904104232788e-02 -2.116751102336096937e-02 1.467849676227521265e-02 5.044439562446626987e-03 9.996554565645988655e-01
6.832099999999999795e+01 -2.362563133239746094e+00 4.515210092067718506e-01 2.842815965414047241e-02 -1.692754149046926671e-02 1.417220130187293002e-02 4.895475536193249350e-03 9.997442879899951507e-01
6.850300000000000011e+01 -1.947750091552734375e+00 4.212841987609863281e-01 1.834967359900474548e-02 -1.298203199377483998e-02 1.347478049916610819e-02 5.067498348511213953e-03 9.998120911432806235e-01
6.870600000000000307e+01 -1.467019796371459961e+00 3.998873233795166016e-01 -1.050235889852046967e-02 -8.490478730421724060e-03 1.188551918414168691e-02 4.983145702136386815e-03 9.998809001393930140e-01
6.891599999999999682e+01 -9.797490835189819336e-01 3.710992038249969482e-01 -2.483850345015525818e-02 -3.782738433985381819e-03 1.124752201984509543e-02 5.441643058783140162e-03 9.999147826985926857e-01
6.912300000000000466e+01 -4.931725859642028809e-01 3.337157070636749268e-01 -3.604304417967796326e-02 1.408972905743948031e-03 1.061168082232058149e-02 5.854265951692901558e-03 9.999255645275015869e-01
6.932099999999999795e+01 -1.931469328701496124e-02 2.996655106544494629e-01 -4.802051559090614319e-02 7.186422654478379947e-03 1.068861347957958917e-02 6.231252268990708672e-03 9.998976349439353539e-01
6.950499999999999545e+01 4.231215417385101318e-01 2.601261436939239502e-01 -4.988684877753257751e-02 1.351302329658296900e-02 1.197536714509964649e-02 6.843376722213437464e-03 9.998135611093520447e-01
6.970300000000000296e+01 8.981994390487670898e-01 2.089364081621170044e-01 -5.300705134868621826e-02 2.152530160117285124e-02 1.507087078098765832e-02 7.633936777144240474e-03 9.996255565231232376e-01
6.992000000000000171e+01 1.346916317939758301e+00 2.635044753551483154e-01 -1.361748278141021729e-01 1.523559739354158997e-02 4.224812080776328867e-03 7.482967082609455825e-03 9.998470046655060228e-01
7.010699999999999932e+01 1.719099760055541992e+00 3.018174767494201660e-01 -2.079910337924957275e-01 9.707634511535286059e-03 -5.942571541832226446e-03 7.782611116387875075e-03 9.999049348012397642e-01
7.030500000000000682e+01 2.217907905578613281e+00 2.450171709060668945e-01 -1.880095750093460083e-01 1.891682233639335742e-02 -5.944638367688914174e-04 8.572286087027645649e-03 9.997841348794661576e-01
7.050600000000000023e+01 2.692853450775146484e+00 2.419982701539993286e-01 -2.049838751554489136e-01 2.009013058736573015e-02 -2.325085675210133637e-03 8.801063672299920190e-03 9.997567313640962627e-01
7.070900000000000318e+01 3.148951768875122070e+00 2.510742545127868652e-01 -2.355009019374847412e-01 1.967069183448166836e-02 -6.843220038840235400e-03 8.807396797579520112e-03 9.997442993005275502e-01
7.092100000000000648e+01 3.604420185089111328e+00 2.808463871479034424e-01 -2.366148829460144043e-01 1.715514684256176647e-02 -1.260399231989151395e-02 8.353238145273219478e-03 9.997384976717155203e-01
7.111299999999999955e+01 3.988746404647827148e+00 2.975941896438598633e-01 -2.637042105197906494e-01 1.800602848030970551e-02 -2.205622203973062537e-02 7.303869646402409190e-03 9.995678863868571185e-01
7.131300000000000239e+01 4.378177642822265625e+00 2.977769076824188232e-01 -2.980163991451263428e-01 2.186901003386204634e-02 -3.452645859601222167e-02 6.455754458807741979e-03 9.991436299608401628e-01
7.150300000000000011e+01 4.727650165557861328e+00 3.240712881088256836e-01 -3.327100872993469238e-01 2.044029122792906036e-02 -4.752275729478743632e-02 5.354596979456453104e-03 9.986466393699054978e-01
7.171599999999999397e+01 5.118673801422119141e+00 3.560557663440704346e-01 -3.790124654769897461e-01 2.097564813389066890e-02 -6.378411716660886688e-02 4.165355063522519635e-03 9.977345630977380031e-01
7.191299999999999670e+01 5.495011806488037109e+00 3.728353381156921387e-01 -4.321660995483398438e-01 2.175152130506522591e-02 -7.813137131702575788e-02 3.503570992024029884e-03 9.966995962311513413e-01
7.210099999999999909e+01 5.857565402984619141e+00 3.939647674560546875e-01 -4.816927611827850342e-01 2.496192057990243365e-02 -8.968598361100478533e-02 2.327042962993056911e-03 9.956545142446437957e-01
7.230100000000000193e+01 6.291659832000732422e+00 4.622399210929870605e-01 -4.717229008674621582e-01 1.739224833442915008e-02 -9.535851774191421437e-02 2.186062911686541266e-03 9.952886435205038351e-01
7.251800000000000068e+01 6.804495334625244141e+00 5.578959584236145020e-01 -4.159107804298400879e-01 2.251538774382560656e-03 -9.481386026471136375e-02 2.126317490873364489e-03 9.954902014830578905e-01
7.270799999999999841e+01 7.327541828155517578e+00 7.219346761703491211e-01 -2.765037417411804199e-01 -2.444310532737878350e-02 -7.809013116549716471e-02 9.598838256115885606e-04 9.966461481586890159e-01
7.290300000000000580e+01 8.037946701049804688e+00 1.023760199546813965e+00 -5.204046145081520081e-03 -7.023595651781658344e-02 -3.606693554088896692e-02 -3.297505843554614235e-03 9.968727165631169340e-01
7.310899999999999466e+01 8.786910057067871094e+00 1.268729329109191895e+00 2.660724520683288574e-01 -9.290978789857742837e-02 5.695293922527870645e-03 -1.104644406199146132e-02 9.955969621354628929e-01
7.329999999999999716e+01 9.173275947570800781e+00 1.304452657699584961e+00 1.361642926931381226e-01 -9.166311786744361922e-02 -1.054904117579270190e-02 -1.724323735489529524e-02 9.955848840348135997e-01
7.351900000000000546e+01 9.734651565551757812e+00 1.319695115089416504e+00 2.090066373348236084e-01 -9.287434535022869031e-02 3.245112379851177072e-05 -1.870672702711811616e-02 9.955020910508545207e-01
7.370399999999999352e+01 9.778498649597167969e+00 1.331601381301879883e+00 1.541727483272552490e-01 -9.135175434727937915e-02 -8.898513627494625960e-03 -1.860672405858952716e-02 9.956050739388099258e-01
7.390999999999999659e+01 9.782052040100097656e+00 1.367973327636718750e+00 1.484981775283813477e-01 -8.875003151446321514e-02 -8.882119243832354433e-03 -2.022140824796725758e-02 9.958090351630624060e-01
7.411199999999999477e+01 9.778698921203613281e+00 1.390806913375854492e+00 1.467978805303573608e-01 -8.740767834782964263e-02 -8.253538047328029884e-03 -2.118058428721536143e-02 9.959132290138512644e-01
7.430500000000000682e+01 9.736019134521484375e+00 1.397405862808227539e+00 1.709902733564376831e-01 -8.966146289076237785e-02 -3.460468734388513941e-03 -2.082183838699272135e-02 9.957486119872889230e-01
7.451699999999999591e+01 9.679479598999023438e+00 1.398845076560974121e+00 1.780219972133636475e-01 -8.980563166688738941e-02 -2.160187998853061939e-03 -2.320525518287931341e-02 9.956865963949793619e-01
7.470300000000000296e+01 9.445632934570312500e+00 1.417068958282470703e+00 1.763824969530105591e-01 -9.114399307854302579e-02 -2.217048327742317335e-03 -2.444358301017000509e-02 9.955352170928138955e-01
7.491100000000000136e+01 8.980053901672363281e+00 1.424413800239562988e+00 1.453317999839782715e-01 -9.078281728424587860e-02 -5.653390037036571183e-03 -2.472659953640491196e-02 9.955476455410813275e-01
7.511199999999999477e+01 8.510915756225585938e+00 1.448431968688964844e+00 1.494456678628921509e-01 -9.151744925344476589e-02 -4.076350820921635643e-03 -2.480256775292159419e-02 9.954861990399412885e-01
7.531999999999999318e+01 8.020996093750000000e+00 1.471247673034667969e+00 1.447071135044097900e-01 -9.141683009003817584e-02 -3.901905792091344121e-03 -2.476330817238269963e-02 9.954971204759148762e-01
7.551300000000000523e+01 7.574748039245605469e+00 1.471206068992614746e+00 1.300087422132492065e-01 -8.849923684617887198e-02 -4.817429201772764971e-03 -2.454766897662732233e-02 9.957620646526675889e-01
7.571800000000000352e+01 7.101514339447021484e+00 1.488915920257568359e+00 1.494461596012115479e-01 -8.539534127037182176e-02 -1.111018300111861652e-03 -2.503338736423814728e-02 9.960319928821189661e-01
7.590399999999999636e+01 6.616723537445068359e+00 1.433534741401672363e+00 8.550732582807540894e-02 -7.123041698624363316e-02 -7.496019857532193291e-03 -2.499971289725722023e-02 9.971183739844111660e-01
7.611499999999999488e+01 6.110595226287841797e+00 1.369727373123168945e+00 4.040051624178886414e-02 -5.540028676783602390e-02 -8.877032579218019012e-03 -2.439847221533140986e-02 9.981266057330536734e-01
7.631199999999999761e+01 5.630053520202636719e+00 1.285223722457885742e+00 -8.843518793582916260e-03 -3.655255483404767913e-02 -8.913875755923682948e-03 -2.421555486243030103e-02 9.989985287560819716e-01
7.651000000000000512e+01 5.141762256622314453e+00 1.219469308853149414e+00 -7.129292935132980347e-02 -1.999027630788669657e-02 -1.127405853603344506e-02 -2.449520655685219137e-02 9.994364758767800838e-01
7.670999999999999375e+01 4.638586997985839844e+00 1.144332528114318848e+00 -1.450091451406478882e-01 -5.781815381466769458e-04 -1.367415994484923181e-02 -2.572600205634723719e-02 9.995753377680487439e-01
7.691100000000000136e+01 4.121376037597656250e+00 1.060644865036010742e+00 -2.359014004468917847e-01 2.037807652873212944e-02 -1.942672805064077010e-02 -2.640069332097775071e-02 9.992548922204019801e-01
7.711199999999999477e+01 3.728476285934448242e+00 1.107796907424926758e+00 -1.842542886734008789e-01 1.714468897071203327e-02 -5.677215614050073154e-03 -2.725579726378191125e-02 9.994653322544433394e-01
7.730500000000000682e+01 3.275445699691772461e+00 1.105195522308349609e+00 -1.895627677440643311e-01 2.088309298814422857e-02 -3.888627553010825036e-03 -2.690835901347831544e-02 9.994121848457744317e-01
7.750300000000000011e+01 2.960080623626708984e+00 1.157638788223266602e+00 -1.927120834589004517e-01 2.001686790413164177e-02 -4.489608709363417799e-03 -2.727717429810272778e-02 9.994173923718039365e-01
7.772299999999999898e+01 2.822681188583374023e+00 1.182314872741699219e+00 -1.908991336822509766e-01 1.928806227187761929e-02 -4.519463753825898877e-03 -2.723597349358057931e-02 9.994327125169713000e-01
7.791899999999999693e+01 2.848523616790771484e+00 1.152698159217834473e+00 -1.644937992095947266e-01 2.399784757240092103e-02 -3.100794112072141639e-04 -2.721754019081992423e-02 9.993413894503778705e-01
7.810200000000000387e+01 2.828826665878295898e+00 1.176981091499328613e+00 -1.857268363237380981e-01 2.051221617395660585e-02 -3.544839837842934070e-03 -2.722157997541464758e-02 9.994126618578528243e-01
7.832099999999999795e+01 2.841312646865844727e+00 1.161542892456054688e+00 -1.736118346452713013e-01 2.229163541440326926e-02 -1.916372401028140771e-03 -2.730808029913905227e-02 9.993766453433599040e-01
7.851500000000000057e+01 2.835980415344238281e+00 1.166944026947021484e+00 -1.784641891717910767e-01 2.163035081192997075e-02 -2.391828407770498280e-03 -2.732302848292776642e-02 9.993897433910065020e-01
7.870699999999999363e+01 2.840526103973388672e+00 1.162902832031250000e+00 -1.739466637372970581e-01 2.233015739861980709e-02 -1.788884122752551530e-03 -2.731747713782123332e-02 9.993757648687368045e-01
7.890900000000000603e+01 2.839035272598266602e+00 1.165815830230712891e+00 -1.749906092882156372e-01 2.213966762503167748e-02 -2.149045113017932288e-03 -2.736023566325903461e-02 9.993781237484670177e-01
7.912600000000000477e+01 2.844169616699218750e+00 1.158948421478271484e+00 -1.696425974369049072e-01 2.319247674119383901e-02 -1.141703684607922424e-03 -2.745315957287383993e-02 9.993533557079656848e-01
7.930500000000000682e+01 2.844273090362548828e+00 1.158056974411010742e+00 -1.690868735313415527e-01 2.333904026309713275e-02 -1.028123086610462870e-03 -2.746046967158782132e-02 9.993498660468875805e-01
7.951300000000000523e+01 2.844091176986694336e+00 1.158703446388244629e+00 -1.688296496868133545e-01 2.319025534622323054e-02 -8.684305840582725623e-04 -2.750261658613728510e-02 9.993523222398662531e-01
7.971200000000000330e+01 2.843230009078979492e+00 1.158580303192138672e+00 -1.691918075084686279e-01 2.308137826356848263e-02 -9.542057659984977749e-04 -2.753427756570567264e-02 9.993538927866068011e-01
7.990000000000000568e+01 2.844640970230102539e+00 1.158636689186096191e+00 -1.685196012258529663e-01 2.330421870330654649e-02 -1.014004962509943916e-03 -2.757149981678558986e-02 9.993476360018157534e-01
8.011400000000000432e+01 2.845925807952880859e+00 1.157264232635498047e+00 -1.689615249633789062e-01 2.311972353324507137e-02 -9.183541831470280574e-04 -2.762412938758859737e-02 9.993505603565338014e-01
8.030599999999999739e+01 2.845267295837402344e+00 1.158362627029418945e+00 -1.692460924386978149e-01 2.331005015152561727e-02 -8.842084374657526846e-04 -2.764472948042916503e-02 9.993456002151239748e-01
8.051000000000000512e+01 2.846199750900268555e+00 1.158102035522460938e+00 -1.693386286497116089e-01 2.330399283200077290e-02 -9.528727938209066934e-04 -2.767068294519857766e-02 9.993449600897935658e-01
8.070199999999999818e+01 2.846631526947021484e+00 1.157608509063720703e+00 -1.693357676267623901e-01 2.327990250055473123e-02 -6.505572490722366435e-04 -2.776561386744200166e-02 9.993431310622965524e-01
8.092400000000000659e+01 2.847355604171752930e+00 1.159403085708618164e+00 -1.693367063999176025e-01 2.323656081426460004e-02 -9.375011933887572460e-04 -2.781016092514022528e-02 9.993426731018519860e-01
8.111700000000000443e+01 2.848409175872802734e+00 1.159832119941711426e+00 -1.694422364234924316e-01 2.337498195068989787e-02 -9.147558093604390810e-04 -2.789021103637357238e-02 9.993372351558611477e-01
8.130500000000000682e+01 2.847959756851196289e+00 1.159728169441223145e+00 -1.694077402353286743e-01 2.342202985195381698e-02 -1.012393018560889691e-03 -2.790764773744554977e-02 9.993355526427311064e-01
8.150199999999999534e+01 2.848113536834716797e+00 1.161728858947753906e+00 -1.688837110996246338e-01 2.324088052385723038e-02 -1.024604199623900666e-03 -2.790351009109497474e-02 9.993398850157567681e-01
8.170099999999999341e+01 2.848294258117675781e+00 1.162526369094848633e+00 -1.695668697357177734e-01 2.334967593967394658e-02 -9.873697825700971428e-04 -2.798377299824087935e-02 9.993351420735726576e-01
8.190999999999999659e+01 2.846892595291137695e+00 1.162321329116821289e+00 -1.693768799304962158e-01 2.327285765996044836e-02 -9.943059383805848400e-04 -2.799031184281492585e-02 9.993367439932258067e-01
8.211299999999999955e+01 2.848492860794067383e+00 1.162141323089599609e+00 -1.692225784063339233e-01 2.329577243531032529e-02 -9.946433063037832516e-04 -2.808946619078670978e-02 9.993334276208577505e-01
8.231000000000000227e+01 2.848094463348388672e+00 1.161473751068115234e+00 -1.692421734333038330e-01 2.314295283540114545e-02 -1.033238825279046398e-03 -2.810050554296532679e-02 9.993366288392605545e-01
8.251699999999999591e+01 2.847488880157470703e+00 1.162517309188842773e+00 -1.692941188812255859e-01 2.332707698837755209e-02 -8.688940109156521093e-04 -2.810918910462777837e-02 9.993322600568121938e-01
8.271800000000000352e+01 2.849306106567382812e+00 1.162440538406372070e+00 -1.692644208669662476e-01 2.328359900880495187e-02 -1.044929459992669819e-03 -2.821560417529299369e-02 9.993301065316924081e-01
8.292100000000000648e+01 2.848591804504394531e+00 1.161778450012207031e+00 -1.690725684165954590e-01 2.327943183488325254e-02 -1.059583546099933079e-03 -2.824636241076079746e-02 9.993293192670340552e-01
8.311499999999999488e+01 2.849782943725585938e+00 1.161656022071838379e+00 -1.691064834594726562e-01 2.323709010234402059e-02 -1.026218660721210131e-03 -2.826578409333535546e-02 9.993297903937543580e-01
8.331699999999999307e+01 2.849383115768432617e+00 1.162939906120300293e+00 -1.693861633539199829e-01 2.341618170075756775e-02 -1.022764058771956277e-03 -2.835758475123074940e-02 9.993230127317761502e-01
8.350600000000000023e+01 2.850079059600830078e+00 1.163433432579040527e+00 -1.690399646759033203e-01 2.329824879683016492e-02 -1.011330964276766463e-03 -2.841552413623288711e-02 9.993241350036258241e-01
8.370000000000000284e+01 2.849664449691772461e+00 1.164026618003845215e+00 -1.692290902137756348e-01 2.325333129486382988e-02 -1.008250671546841171e-03 -2.843569006685915321e-02 9.993246106969928544e-01
8.391299999999999670e+01 2.848512649536132812e+00 1.163987040519714355e+00 -1.691608428955078125e-01 2.339009635567351406e-02 -1.022347183901465510e-03 -2.847252155358153194e-02 9.993203558994926405e-01
