0.000000000000000000e+00 5.693413672733904640e-03 1.656243257325662743e-01 9.242432082326978993e-01 9.208974178137681668e-03 -2.471000884017332186e-02 6.036731915674385662e-02 9.978278393768800214e-01
0.000000000000000000e+00 5.658406356819578598e-03 1.655886387306184093e-01 9.242486300656448384e-01 9.207924654902447520e-03 -2.470337176816198022e-02 6.034700836535644708e-02 9.978292419688777892e-01
0.000000000000000000e+00 5.630133602176456975e-03 1.655475857287300456e-01 9.242499066093100568e-01 9.216238070967365525e-03 -2.469776432556144985e-02 6.032799806184634822e-02 9.978304535556069554e-01
0.000000000000000000e+00 5.598037772899980280e-03 1.655110090007766432e-01 9.242491326179612665e-01 9.216123313046852006e-03 -2.469675026246972993e-02 6.030726225070488777e-02 9.978317331681614277e-01
0.000000000000000000e+00 5.573116067894651193e-03 1.654653945177377017e-01 9.242339775081446218e-01 9.219623336617495737e-03 -2.469079478476225373e-02 6.028741988271565239e-02 9.978330472590657418e-01
0.000000000000000000e+00 5.544812195897530493e-03 1.654217610850258202e-01 9.242346567827522952e-01 9.228205345704397142e-03 -2.468482058680651278e-02 6.026877436960893092e-02 9.978342420936856527e-01
0.000000000000000000e+00 5.525502807968943331e-03 1.653683444552108972e-01 9.242590998713060557e-01 9.229059894970253683e-03 -2.467493516677678883e-02 6.024932909689009741e-02 9.978356529866756475e-01
0.000000000000000000e+00 5.488146024090423403e-03 1.653373837127784796e-01 9.242449211777686857e-01 9.233762736134498370e-03 -2.467583911673354100e-02 6.022971776046157771e-02 9.978367710643425426e-01
0.000000000000000000e+00 5.461326172837746573e-03 1.652907808902738807e-01 9.242440387901046384e-01 9.233285508570415745e-03 -2.466832720482422386e-02 6.020928806993022103e-02 9.978381941486030859e-01
0.000000000000000000e+00 5.425474713413563910e-03 1.652468248949305052e-01 9.242541058694655476e-01 9.246565094176597069e-03 -2.466616229616507006e-02 6.019121257715014800e-02 9.978392152045493235e-01
0.000000000000000000e+00 5.405477761814395099e-03 1.652055616146999306e-01 9.242456921296955397e-01 9.247983880337703327e-03 -2.465845553656048281e-02 6.017181437295630875e-02 9.978405624746704561e-01
0.000000000000000000e+00 5.376879700417919183e-03 1.651576923973379629e-01 9.242372409675851941e-01 9.248278309978378436e-03 -2.465472432562785046e-02 6.015376963012861178e-02 9.978417399147090361e-01
0.000000000000000000e+00 5.347089102030785912e-03 1.651106949674335245e-01 9.242466492094182362e-01 9.249444364187850778e-03 -2.464985510114657899e-02 6.013437931031648948e-02 9.978430181383288744e-01
0.000000000000000000e+00 5.322731909071815037e-03 1.650686421467034981e-01 9.242367117602880988e-01 9.259377660368852542e-03 -2.463974133761328428e-02 6.011413193394345850e-02 9.978443957922430441e-01
0.000000000000000000e+00 5.288691404754145009e-03 1.650245931603748495e-01 9.242381138674533592e-01 9.263178723954525184e-03 -2.463872842000886659e-02 6.009501937378527309e-02 9.978455367581885449e-01
0.000000000000000000e+00 5.264336116689111167e-03 1.649731246146514119e-01 9.242435698360187413e-01 9.270315435991122871e-03 -2.462770787038366660e-02 6.007604519936077941e-02 9.978468850730420892e-01
0.000000000000000000e+00 5.226876395170249046e-03 1.649527226775096000e-01 9.242452128788114507e-01 9.269809426635166813e-03 -2.462864700463485851e-02 6.005749182545794956e-02 9.978479834401380311e-01
0.000000000000000000e+00 5.200941839040684744e-03 1.649062078442297963e-01 9.242310839614737983e-01 9.275532691418706538e-03 -2.462469939285118550e-02 6.003689210811451182e-02 9.978492673039855987e-01
0.000000000000000000e+00 5.168461672097571236e-03 1.648644736615179629e-01 9.242515674597634456e-01 9.279753343074240851e-03 -2.461897433763101870e-02 6.001754887865826116e-02 9.978505329492252107e-01
0.000000000000000000e+00 5.135687036303224207e-03 1.648224584338629228e-01 9.242507681889782223e-01 9.275284966564698030e-03 -2.461214577603582435e-02 5.999803230774427426e-02 9.978519166130249696e-01
0.000000000000000000e+00 5.113897683919718662e-03 1.647758947129809304e-01 9.242298637338803857e-01 9.286049617478937118e-03 -2.460477966324059809e-02 5.997693484461402019e-02 9.978532664609911507e-01
0.000000000000000000e+00 5.085593217113076880e-03 1.647336047209826682e-01 9.242286694336261377e-01 9.295649453841691237e-03 -2.459926293816109416e-02 5.995774317251737623e-02 9.978544664417697829e-01
0.000000000000000000e+00 5.060735942911939733e-03 1.646818946053295041e-01 9.242412561322710385e-01 9.296244039867103057e-03 -2.459002751960199726e-02 5.993932757764529329e-02 9.978557948936690458e-01
0.000000000000000000e+00 5.033985576923985517e-03 1.646410549513610266e-01 9.242201447844841100e-01 9.304204351489899633e-03 -2.458466928782595401e-02 5.991900653937257126e-02 9.978570731686620121e-01
0.000000000000000000e+00 4.996153876866166188e-03 1.645959854652460919e-01 9.242304761515443001e-01 9.306647848980923246e-03 -2.458732946845545303e-02 5.990047721687567772e-02 9.978580973087383121e-01
0.000000000000000000e+00 4.971907474970158058e-03 1.645443147937100670e-01 9.242414313632451028e-01 9.314392285529779839e-03 -2.457795917138121816e-02 5.988219603532592139e-02 9.978593531241305437e-01
0.000000000000000000e+00 4.939836245442016938e-03 1.645130479638584331e-01 9.242302346653418210e-01 9.310740632655342686e-03 -2.457413304760764153e-02 5.986116894431087881e-02 9.978607430631043496e-01
0.000000000000000000e+00 4.909324945185380984e-03 1.644643953496989774e-01 9.242416152025626497e-01 9.323920151354853428e-03 -2.457043139479678229e-02 5.984256242942727344e-02 9.978618271764708725e-01
0.000000000000000000e+00 4.886553808564203516e-03 1.644273908315581900e-01 9.242130726254164097e-01 9.322187886450958652e-03 -2.456131797032175615e-02 5.982135075880568725e-02 9.978633395740934553e-01
0.000000000000000000e+00 4.863540094345003562e-03 1.643797629079939704e-01 9.242119399536795621e-01 9.332321686554193030e-03 -2.455450914339758414e-02 5.980255362740731495e-02 9.978645391195674064e-01
0.000000000000000000e+00 4.826811086983656685e-03 1.643423464818255519e-01 9.242198103736269932e-01 9.338362683226143421e-03 -2.455114134004067819e-02 5.978233813782159178e-02 9.978657767896806918e-01
0.000000000000000000e+00 4.791923094544930928e-03 1.643043908663443242e-01 9.242308098969326258e-01 9.343672394825036295e-03 -2.454628117481301441e-02 5.976162448705765046e-02 9.978670873945753028e-01
0.000000000000000000e+00 4.760292538254884409e-03 1.642739730764108397e-01 9.242301511577799555e-01 9.335131788953850152e-03 -2.454094128515692946e-02 5.974191022337863033e-02 9.978684791485215033e-01
0.000000000000000000e+00 4.736292609377454332e-03 1.642233521476731961e-01 9.242134144819682540e-01 9.350498054380774679e-03 -2.453332099797183447e-02 5.972207619637762838e-02 9.978697099129423265e-01
0.000000000000000000e+00 4.709869795904653156e-03 1.641744258195027284e-01 9.242077595099132958e-01 9.347533787578143211e-03 -2.452672112233830401e-02 5.970117335742655684e-02 9.978711507318085427e-01
0.000000000000000000e+00 4.676847914260345851e-03 1.641430842490838593e-01 9.242139641326727606e-01 9.358365328274708198e-03 -2.452430126934593974e-02 5.968288651347491286e-02 9.978722025906188176e-01
0.000000000000000000e+00 4.650011159935379945e-03 1.641005855577678807e-01 9.242106294349713425e-01 9.357498099770170108e-03 -2.451866519580970377e-02 5.966302885073430234e-02 9.978735367142899104e-01
0.000000000000000000e+00 4.626214604960071641e-03 1.640506779900425816e-01 9.242272080181798133e-01 9.364822144367812920e-03 -2.451014593262216060e-02 5.964381655910429986e-02 9.978748258167603469e-01
0.000000000000000000e+00 4.595289722725631743e-03 1.640213069727946282e-01 9.242093353745389761e-01 9.369422163435423695e-03 -2.450722717429734687e-02 5.962345340329965743e-02 9.978760712377141573e-01
0.000000000000000000e+00 4.567705206198049983e-03 1.639723967515512304e-01 9.242173682217229569e-01 9.368455347427698948e-03 -2.449996017594648426e-02 5.960370926326366559e-02 9.978774382848030200e-01
0.000000000000000000e+00 4.538608231349591793e-03 1.639353754308010558e-01 9.242125138275124607e-01 9.380842543665748184e-03 -2.449509007792334200e-02 5.958498982787938797e-02 9.978785594161531103e-01
0.000000000000000000e+00 4.508509117093106866e-03 1.638909690325048851e-01 9.242126067823431823e-01 9.386665210388845867e-03 -2.449202190276208654e-02 5.956522882072355640e-02 9.978797597380546502e-01
0.000000000000000000e+00 4.485886406530248394e-03 1.638504355659816392e-01 9.242207964113329233e-01 9.381247909491031642e-03 -2.448277719560244120e-02 5.954611854038185242e-02 9.978811780844580870e-01
0.000000000000000000e+00 4.459397955545549297e-03 1.638062478707549841e-01 9.241985006539644720e-01 9.389977594708474179e-03 -2.447818096584487499e-02 5.952558099649772616e-02 9.978824340494244494e-01
0.000000000000000000e+00 4.422096338029923857e-03 1.637694873398066742e-01 9.242140011791016851e-01 9.393257938587364422e-03 -2.447617655373447026e-02 5.950683872370680916e-02 9.978835701782651224e-01
0.000000000000000000e+00 4.394181051064857679e-03 1.637249013513094043e-01 9.242082111209088957e-01 9.395976136626271388e-03 -2.446690717682987667e-02 5.948607660891410548e-02 9.978850097958775756e-01
0.000000000000000000e+00 4.375344513267431790e-03 1.636753967234375329e-01 9.241929543436024908e-01 9.405116224886997736e-03 -2.445874102889751545e-02 5.946642115549602425e-02 9.978862953919325207e-01
0.000000000000000000e+00 4.332311838698504891e-03 1.636464579317098711e-01 9.242046535298306109e-01 9.411826807123827715e-03 -2.445859957626939432e-02 5.944747687256534546e-02 9.978873643434945651e-01
0.000000000000000000e+00 4.305467328579684616e-03 1.635967336425421803e-01 9.242114685778661798e-01 9.409206157086989070e-03 -2.444933672442038339e-02 5.942726718630956390e-02 9.978888198030863022e-01
0.000000000000000000e+00 4.277378950070159780e-03 1.635586160320730287e-01 9.241941307450082244e-01 9.421051201259453278e-03 -2.444419418385413573e-02 5.940789546107929503e-02 9.978899874845176265e-01
0.000000000000000000e+00 4.241846084880832035e-03 1.635216360626241539e-01 9.241971238565978020e-01 9.426826640124503012e-03 -2.444194933116942622e-02 5.938884305674094893e-02 9.978911220031828622e-01
0.000000000000000000e+00 4.213218936529594671e-03 1.634756779846367469e-01 9.242192608556876188e-01 9.431154077809637826e-03 -2.443946793849111759e-02 5.937005388859389193e-02 9.978922599363669876e-01
0.000000000000000000e+00 4.183076050252101941e-03 1.634374207342673413e-01 9.241975970910755178e-01 9.427827438550416203e-03 -2.443118971869763165e-02 5.934856764003155344e-02 9.978937721810846595e-01
0.000000000000000000e+00 4.147059107295875124e-03 1.633934216545233631e-01 9.242258435409632655e-01 9.432400271794689692e-03 -2.442815232396551919e-02 5.933034071861852804e-02 9.978948871846985424e-01
0.000000000000000000e+00 4.118289136300745668e-03 1.633513371478264864e-01 9.241920349591226103e-01 9.442317345531043432e-03 -2.442046177807520937e-02 5.931090200451778066e-02 9.978961371771626343e-01
0.000000000000000000e+00 4.090517685490999145e-03 1.633031498588999042e-01 9.241975249291258798e-01 9.446797796798219252e-03 -2.441622437039435087e-02 5.929220814867771500e-02 9.978973093719288867e-01
0.000000000000000000e+00 4.064161079645176033e-03 1.632572281035589434e-01 9.241940496871950961e-01 9.450461026960428959e-03 -2.440752883377150795e-02 5.927262263292665256e-02 9.978986509304546004e-01
0.000000000000000000e+00 4.035719296641315790e-03 1.632109169284093053e-01 9.241991577485506593e-01 9.451968869756494085e-03 -2.439834337997746211e-02 5.925144602414322836e-02 9.979001188840725955e-01
0.000000000000000000e+00 3.999742282028817542e-03 1.631738290966889826e-01 9.242029311912081102e-01 9.461998993330755434e-03 -2.440018427390544531e-02 5.923299211028864447e-02 9.979010743696552499e-01
0.000000000000000000e+00 3.968728462933487910e-03 1.631322739957446477e-01 9.241967154923597105e-01 9.460678645885326268e-03 -2.439512699583593416e-02 5.921444970063215185e-02 9.979023109929486823e-01
0.000000000000000000e+00 3.948894948872405664e-03 1.630756162587099212e-01 9.242012677773198126e-01 9.465481709353081030e-03 -2.438507823896659404e-02 5.919461200995584232e-02 9.979036880001398435e-01
0.000000000000000000e+00 3.918205668163782240e-03 1.630396535525703849e-01 9.241875548346347724e-01 9.468316852614152082e-03 -2.438150714828751439e-02 5.917425865530495654e-02 9.979049554931328503e-01
0.000000000000000000e+00 3.895109172970603884e-03 1.629905289066926055e-01 9.242046749315135923e-01 9.472827191447227499e-03 -2.437146468069689362e-02 5.915574964308289996e-02 9.979062553859873175e-01
0.000000000000000000e+00 3.865432893312037432e-03 1.629515293651876973e-01 9.241791800747138907e-01 9.480205687755850763e-03 -2.436882182791284823e-02 5.913582419617982588e-02 9.979074308368867108e-01
0.000000000000000000e+00 3.827746259607786583e-03 1.629098739608028923e-01 9.241852171350510847e-01 9.474172378732246408e-03 -2.436668756474240707e-02 5.911613409958346027e-02 9.979087068885512668e-01
0.000000000000000000e+00 3.805520587419827794e-03 1.628628525384810122e-01 9.241820989559583754e-01 9.485918176598278836e-03 -2.436013097964810636e-02 5.909676652143999731e-02 9.979099025271327417e-01
0.000000000000000000e+00 3.775502855307588668e-03 1.628256393173924121e-01 9.241829261771082882e-01 9.495458739058475900e-03 -2.435610724640722632e-02 5.907964770811573868e-02 9.979109236449019704e-01
0.000000000000000000e+00 3.743373560630924857e-03 1.627805402825620307e-01 9.242049937940182147e-01 9.492982425034744015e-03 -2.435317796538221877e-02 5.905928828561928662e-02 9.979122238327682304e-01
0.000000000000000000e+00 3.715484095660415154e-03 1.627340899841233368e-01 9.241828220111849568e-01 9.502817341789714795e-03 -2.434518331422270976e-02 5.903928767230087055e-02 9.979135087887690547e-01
0.000000000000000000e+00 3.680710899669661917e-03 1.626951410740016535e-01 9.241996305099495768e-01 9.507804983982973135e-03 -2.434204092192256141e-02 5.901945451369202539e-02 9.979147111236753576e-01
0.000000000000000000e+00 3.656269627231090169e-03 1.626530917749085536e-01 9.241734215816149733e-01 9.509963882553313166e-03 -2.433260173020159595e-02 5.899890210944498670e-02 9.979161360704977835e-01
0.000000000000000000e+00 3.619329781437585769e-03 1.626011064822405483e-01 9.242004351604855561e-01 9.510739443120102068e-03 -2.433071860216926355e-02 5.898099367490737543e-02 9.979172332175989535e-01
0.000000000000000000e+00 3.587704697292234957e-03 1.625640971508055255e-01 9.241860917347521909e-01 9.519322790507033297e-03 -2.432609186949572649e-02 5.896166103502865907e-02 9.979184066224840999e-01
0.000000000000000000e+00 3.559640087404183917e-03 1.625168720480758000e-01 9.241893646910174231e-01 9.526643839060327731e-03 -2.432009954417575781e-02 5.894260203963071904e-02 9.979196087261351655e-01
0.000000000000000000e+00 3.539400073896817323e-03 1.624730274202197400e-01 9.241631435521135973e-01 9.529468834242384515e-03 -2.431211261597587825e-02 5.892364092521502894e-02 9.979208961355613416e-01
0.000000000000000000e+00 3.507992345369290166e-03 1.624288891377414779e-01 9.241889810480833356e-01 9.525533532989068769e-03 -2.431031319758817158e-02 5.890411137725862917e-02 9.979221305021762634e-01
0.000000000000000000e+00 3.489082224505904439e-03 1.623822575201738228e-01 9.241880874153126646e-01 9.531550686336600145e-03 -2.429853048003199900e-02 5.888495388048144152e-02 9.979234906366912794e-01
0.000000000000000000e+00 3.459371875415437336e-03 1.623460534760526874e-01 9.241622499873627383e-01 9.538347042886693300e-03 -2.429475546468231814e-02 5.886435440513583528e-02 9.979247329198065453e-01
0.000000000000000000e+00 3.421010111081049243e-03 1.623025607359754596e-01 9.241871324798875964e-01 9.538145655113116142e-03 -2.429270260069894827e-02 5.884665785083355305e-02 9.979258285251477734e-01
0.000000000000000000e+00 3.394626857210314430e-03 1.622584400865343668e-01 9.241785600688887659e-01 9.543174266322056176e-03 -2.428814625058796015e-02 5.882567233149994801e-02 9.979271286278270647e-01
0.000000000000000000e+00 2.266132790739826264e-02 1.809183668476060380e-01 9.266772504357765339e-01 6.942497976879320222e-03 -2.449861142607471717e-02 5.948204287466005158e-02 9.979045577285896584e-01
0.000000000000000000e+00 8.764828658373149950e-02 2.054802816193183890e-01 9.474330775264990789e-01 1.334947882069362386e-02 -2.687823108187297610e-02 6.079577970508207724e-02 9.976989652591490287e-01
0.000000000000000000e+00 1.302342983182763203e-01 2.105857314979105444e-01 9.332104935906256893e-01 1.553109653518459921e-02 -2.101312761206230312e-02 6.180235487143641293e-02 9.977463116648034314e-01
0.000000000000000000e+00 1.379498156585128310e-01 2.034600016867285643e-01 9.325588215787706803e-01 1.973500904794180111e-02 -1.689383775648665639e-02 6.212151773704387842e-02 9.977304469132839415e-01
0.000000000000000000e+00 1.470293756679638963e-01 2.051588294931628587e-01 9.319395972373599735e-01 1.968645823578799720e-02 -1.547586368181640831e-02 6.241970680713643943e-02 9.977357972968313726e-01
0.000000000000000000e+00 1.963794037492010425e-01 2.381520346476800887e-01 9.369506647697194435e-01 1.537266960220346791e-02 -1.883198291821651382e-02 6.279251123494730691e-02 9.977304936612283459e-01
0.000000000000000000e+00 2.902663617566305643e-01 2.738413765104944497e-01 9.466231416993486913e-01 1.078553856839342857e-02 -3.054833532376035471e-02 6.423760783958033793e-02 9.974086429873088022e-01
0.000000000000000000e+00 4.169706360439273118e-01 3.099647264280136483e-01 9.487654917247032582e-01 5.409202910660026661e-03 -3.262283856153024020e-02 6.602897133327427504e-02 9.972696054090535167e-01
0.000000000000000000e+00 6.008484057640405274e-01 3.402772282657230973e-01 9.547074225317346841e-01 5.242224819746271920e-03 -3.572371261787451319e-02 6.614645665927652851e-02 9.971564479594751118e-01
0.000000000000000000e+00 8.188693435170195656e-01 3.689697536794215305e-01 9.654920945916880548e-01 6.430082369913475877e-03 -3.722159757160137944e-02 6.649344057876444003e-02 9.970716268528216908e-01
0.000000000000000000e+00 1.051558207116673360e+00 3.980722741921431940e-01 9.741419608150123643e-01 8.386198300049383866e-03 -3.828235258701816884e-02 6.657280058832305836e-02 9.970116325200538698e-01
0.000000000000000000e+00 1.289040868755066072e+00 4.223325446956425755e-01 9.854115795806328570e-01 1.301986259690655207e-02 -3.701662300234358216e-02 6.700555682782019518e-02 9.969806959784397460e-01
0.000000000000000000e+00 1.526742425523576419e+00 4.487854422795075626e-01 9.980704113226610552e-01 1.656811870068862838e-02 -3.472321473544315307e-02 6.715281847933939063e-02 9.970006493335081821e-01
0.000000000000000000e+00 1.760377967427460666e+00 4.734562670646841887e-01 1.004133225544023844e+00 2.085537089039682379e-02 -3.473629374480070170e-02 6.758977056945529582e-02 9.968901977230327782e-01
0.000000000000000000e+00 1.994659817271741575e+00 5.037426803190694358e-01 1.020751265061721202e+00 2.171559758002069782e-02 -3.408356748259894903e-02 6.765188827287262063e-02 9.968901470385373997e-01
0.000000000000000000e+00 2.225962844490763537e+00 5.306229533813404675e-01 1.025894914213265841e+00 2.483263182547284717e-02 -3.555911040105435433e-02 6.790363399262049071e-02 9.967487078269540168e-01
0.000000000000000000e+00 2.459867870229446751e+00 5.630506457918730279e-01 1.043564137121931523e+00 2.437410655983368937e-02 -3.634500391320417273e-02 6.793085743967310075e-02 9.967298240884887583e-01
0.000000000000000000e+00 2.689903271806013851e+00 5.900871384139682041e-01 1.049172795329143648e+00 2.785039255553077228e-02 -3.710498255872495682e-02 6.814212390915655448e-02 9.965963209108131826e-01
0.000000000000000000e+00 2.926033471542706987e+00 6.174731151928042339e-01 1.063889688570392789e+00 3.064826729739819275e-02 -3.365586676017214007e-02 6.847252756871248514e-02 9.966140071826408153e-01
0.000000000000000000e+00 3.171974094050852067e+00 6.410312864408707068e-01 1.069814166167333047e+00 3.720306106260543033e-02 -2.932299698836256588e-02 6.886256409747135154e-02 9.965008988260444234e-01
0.000000000000000000e+00 3.411814420182986307e+00 6.652743601380157745e-01 1.082711128742924966e+00 4.228088587498238238e-02 -2.390246831981499703e-02 6.931127034080604432e-02 9.964120365097918208e-01
0.000000000000000000e+00 3.654507652171230525e+00 6.886272954942045388e-01 1.091715196613598726e+00 4.821811568454857644e-02 -1.877814420786087443e-02 6.972868965902047356e-02 9.962230194381056503e-01
0.000000000000000000e+00 3.890224151921925166e+00 7.182110791357592117e-01 1.101343177001847806e+00 4.949217794850205993e-02 -1.744979933554543020e-02 6.990417699153164688e-02 9.961723921411392846e-01
0.000000000000000000e+00 4.120956284800658231e+00 7.523679936505359711e-01 1.110408212781159421e+00 4.837937013797194430e-02 -1.907833033605621509e-02 6.980060063973751727e-02 9.962044619489381914e-01
0.000000000000000000e+00 4.351654179466753369e+00 7.846142791119303794e-01 1.121063684591640186e+00 4.824320785971568382e-02 -1.925913586060769983e-02 6.979646608986185552e-02 9.962078758485467533e-01
0.000000000000000000e+00 4.592249314342613964e+00 8.145273996103272740e-01 1.130625807703581343e+00 5.013970264830386325e-02 -1.642182577577344649e-02 6.996409454881810652e-02 9.961532810418753936e-01
0.000000000000000000e+00 4.825605188078084140e+00 8.470566772108839571e-01 1.140011373246013981e+00 5.008602245147256854e-02 -1.654082901190451205e-02 6.995300120823844114e-02 9.961547916626962706e-01
0.000000000000000000e+00 5.054724695598695305e+00 8.798379768193170802e-01 1.149883013249972885e+00 4.954789830599969080e-02 -1.771950746342859997e-02 6.988309507414205979e-02 9.961663404530239907e-01
0.000000000000000000e+00 5.292525994759043506e+00 9.119003576739997952e-01 1.158941282859785371e+00 5.004343494163289441e-02 -1.665721247888895390e-02 6.997888300513409321e-02 9.961531748807657127e-01
0.000000000000000000e+00 5.526023311362907364e+00 9.443302513582755298e-01 1.168421684576933295e+00 5.004071979069442400e-02 -1.665424263678275812e-02 6.997592732961023521e-02 9.961535685622902037e-01
0.000000000000000000e+00 5.759119226411264947e+00 9.809849074583154582e-01 1.190046129002069408e+00 4.764753307022222967e-02 -2.320048806980253703e-02 7.002740617561922787e-02 9.961363422393342271e-01
0.000000000000000000e+00 5.989043453347943746e+00 1.011954564836869963e+00 1.197414008805132823e+00 4.829339897751880328e-02 -2.118514250587673342e-02 7.010590909800322457e-02 9.961446174435448775e-01
0.000000000000000000e+00 6.209413844941832572e+00 1.044971151790579311e+00 1.226143719545677691e+00 4.870048338212132344e-02 -2.815634772744426279e-02 6.995381093021314778e-02 9.959628242747512461e-01
0.000000000000000000e+00 6.435523058526280593e+00 1.076975633630579132e+00 1.238136219434442520e+00 4.830014001718086619e-02 -2.798274707323450405e-02 6.995656967707994389e-02 9.959870183388798148e-01
0.000000000000000000e+00 6.662338098315769841e+00 1.112165534173136461e+00 1.271015222476217010e+00 4.571430176324751959e-02 -3.087872804324179321e-02 6.922347406502808720e-02 9.960747047320791525e-01
0.000000000000000000e+00 6.887250547356394748e+00 1.139802607210437912e+00 1.285106758198645727e+00 4.846503079540452619e-02 -3.283582327070290463e-02 6.918847563406628487e-02 9.958844834314720673e-01
0.000000000000000000e+00 7.117192599785042262e+00 1.167538221764392148e+00 1.310313493183771660e+00 4.945509942974061351e-02 -3.611533830648535476e-02 6.910821519588372652e-02 9.957278393576439735e-01
0.000000000000000000e+00 7.344899849968808958e+00 1.203361773474530327e+00 1.327829324417096446e+00 4.834809189738446811e-02 -3.781021697133733761e-02 6.884644347195043035e-02 9.957374235830077636e-01
0.000000000000000000e+00 7.574157992434733089e+00 1.229818519359417550e+00 1.346491980688089063e+00 5.128234401551368116e-02 -4.012722484002984730e-02 6.880381877242666699e-02 9.955028686755469369e-01
0.000000000000000000e+00 7.801492469758065873e+00 1.257607134274781435e+00 1.357089387248123780e+00 5.280035544025592220e-02 -4.579555307198696773e-02 6.864989094449747142e-02 9.951894705318792278e-01
0.000000000000000000e+00 8.037576835856956592e+00 1.285154922256056542e+00 1.381884539216728491e+00 5.440413414987241292e-02 -4.751011438458286468e-02 6.859276952894566293e-02 9.950266384308089629e-01
0.000000000000000000e+00 8.258860258852873670e+00 1.319284072173890987e+00 1.392102596651381363e+00 5.174453173603099643e-02 -4.902767054934015906e-02 6.866693070527216114e-02 9.950897665956782712e-01
0.000000000000000000e+00 8.494321116259961002e+00 1.356180146779963680e+00 1.411196669468411491e+00 4.799878229174631139e-02 -4.780159092617868727e-02 6.826655845094664610e-02 9.953646577012362773e-01
0.000000000000000000e+00 8.731967161469240679e+00 1.396660354123632430e+00 1.425513714680837429e+00 4.242398186690313905e-02 -4.467128029469660810e-02 6.835536111369645840e-02 9.957571124960170605e-01
0.000000000000000000e+00 8.956251038953473298e+00 1.428356433361344990e+00 1.439880386375963939e+00 4.360256341327997665e-02 -5.072648077396064298e-02 6.829583378803606719e-02 9.954201724393960671e-01
0.000000000000000000e+00 9.171885955355271847e+00 1.445336017504603277e+00 1.478175432547208512e+00 4.986973047547180876e-02 -5.971977550918124850e-02 6.788752680206940060e-02 9.946546345843543246e-01
0.000000000000000000e+00 9.395036807858417660e+00 1.473112735089651792e+00 1.500001129956824775e+00 4.640863307204219634e-02 -6.451346796262774630e-02 6.728983054393045116e-02 9.945633865838761078e-01
0.000000000000000000e+00 9.621707746264888783e+00 1.498786857687226304e+00 1.544438342024331057e+00 4.782756658716466602e-02 -6.690837753227021900e-02 6.710958372552711104e-02 9.943500875760687974e-01
0.000000000000000000e+00 9.844217919951477214e+00 1.521915522455614678e+00 1.579410486061371799e+00 4.552591371474557641e-02 -7.115829359463461679e-02 6.649548349334379049e-02 9.942043246275505952e-01
0.000000000000000000e+00 1.006889535998151253e+01 1.556399009771087583e+00 1.615722625072378404e+00 4.135420586851520919e-02 -7.552313584921609146e-02 6.603488762696875514e-02 9.940953069120581631e-01
0.000000000000000000e+00 1.028923094475097955e+01 1.589175053704500185e+00 1.646872090425610669e+00 3.895347394942429153e-02 -8.039964658628061256e-02 6.558307438257594824e-02 9.938397174849685767e-01
0.000000000000000000e+00 1.051344022554091140e+01 1.622372183756073838e+00 1.687628227458204622e+00 3.609157751605698156e-02 -8.394696431904304090e-02 6.517629243102752989e-02 9.936812145346036740e-01
0.000000000000000000e+00 1.074402963772606334e+01 1.649831707740475162e+00 1.717839722825908799e+00 3.795049085688640550e-02 -8.599936741646256599e-02 6.496873045237275268e-02 9.934500154064604960e-01
0.000000000000000000e+00 1.097790362595498870e+01 1.674388540115647972e+00 1.755288027466581857e+00 4.043288672007603474e-02 -8.223065927492742566e-02 6.537835872720600128e-02 9.936442877392438477e-01
0.000000000000000000e+00 1.122832050664956327e+01 1.694471713184258599e+00 1.777409954349608245e+00 4.794414430530311716e-02 -7.329158676184105436e-02 6.616966660176494541e-02 9.939573821641324303e-01
0.000000000000000000e+00 1.148761454987330310e+01 1.711873474339650647e+00 1.785078099527384943e+00 5.787010598013056506e-02 -5.663579658645929299e-02 6.757295879517172255e-02 9.944231154888403257e-01
0.000000000000000000e+00 1.176890669769593956e+01 1.726419640572142811e+00 1.773413839409652581e+00 7.268457036935958848e-02 -3.079345418976443816e-02 6.988586389341432115e-02 9.944268110007672412e-01
0.000000000000000000e+00 1.206107804195927535e+01 1.743001143696582877e+00 1.743989757342403912e+00 8.879575131422878798e-02 4.004011409436134331e-03 7.285417994476214854e-02 9.933738223376692433e-01
0.000000000000000000e+00 1.234371543799866267e+01 1.741305077479575747e+00 1.753036191205902483e+00 1.115413551023630712e-01 3.122511607192136884e-02 7.485730360944088668e-02 9.904442954172372193e-01
0.000000000000000000e+00 1.260777968827364859e+01 1.739754998666167563e+00 1.765086742368005446e+00 1.299121582503595662e-01 4.763438624501250412e-02 7.609285436432802752e-02 9.874531249130177324e-01
0.000000000000000000e+00 1.286439128900763151e+01 1.756800504503825522e+00 1.762964152688949460e+00 1.337800202201557820e-01 5.298772800454803339e-02 7.720841165223096825e-02 9.865769448152283960e-01
0.000000000000000000e+00 1.308834791414418852e+01 1.792943121364844350e+00 1.748114549271676088e+00 1.267643100608383533e-01 3.953643034584095745e-02 7.731227180212334182e-02 9.881247355466326043e-01
0.000000000000000000e+00 1.330574031549228486e+01 1.849515147007959159e+00 1.733242293862331307e+00 1.156664739991985907e-01 2.990896153892331349e-02 7.663650691121050296e-02 9.898755308727982261e-01
0.000000000000000000e+00 1.351395092850306412e+01 1.903465607754672329e+00 1.743021065439809059e+00 1.055955687386339742e-01 1.318904080474893499e-02 7.727919024272117410e-02 9.913140530734164679e-01
0.000000000000000000e+00 1.370104392872929822e+01 1.944209405692321146e+00 1.718895264151441893e+00 9.775337646932399926e-02 7.543933109893983732e-03 8.053600934662084876e-02 9.919179994639683029e-01
0.000000000000000000e+00 1.383147337239806163e+01 1.939994437273942163e+00 1.718329135799019802e+00 1.035484719816913979e-01 1.078323835150920250e-02 8.254038276752917458e-02 9.911349660533127492e-01
0.000000000000000000e+00 1.391294930931809226e+01 1.927196842375011210e+00 1.717942483386773800e+00 1.114529674089794337e-01 1.637944491743129408e-02 8.303409276024573127e-02 9.901592242055884396e-01
0.000000000000000000e+00 1.394662062303848948e+01 1.912638277565081646e+00 1.719087061454360743e+00 1.170571762925783355e-01 2.032797790019712919e-02 8.272546793716849256e-02 9.894649502369824434e-01
0.000000000000000000e+00 1.393496125972513333e+01 1.904570403504942000e+00 1.725014731046686345e+00 1.118327658374201894e-01 1.971577096269910845e-02 8.077058430225235452e-02 9.902428154609210775e-01
0.000000000000000000e+00 1.388513948523962149e+01 1.878012132178517257e+00 1.715121308830820590e+00 1.092838669787930261e-01 1.709298810366816773e-02 7.985554258369266523e-02 9.906502705266442277e-01
0.000000000000000000e+00 1.381928667116813791e+01 1.858454871682934773e+00 1.714651830745739014e+00 1.040517687853428908e-01 1.346403923039917426e-02 8.066344413074817699e-02 9.912039940603596389e-01
0.000000000000000000e+00 1.379661884067642319e+01 1.874586601705207745e+00 1.711466832535272653e+00 9.372766889239128596e-02 4.477320670822857243e-03 8.031336546700246215e-02 9.923431064964237658e-01
0.000000000000000000e+00 1.379235912576379874e+01 1.872473370147321514e+00 1.710185749980978720e+00 9.537182696386731218e-02 5.387365466201884251e-03 8.033047600028819790e-02 9.921805307203296342e-01
0.000000000000000000e+00 1.374677942261553731e+01 1.837998921861072388e+00 1.722273793998737812e+00 9.655938696317381553e-02 1.142859068862449312e-02 7.961684872863671047e-02 9.920719880647216327e-01
0.000000000000000000e+00 1.366388658252690291e+01 1.791396826388147234e+00 1.719774603642574062e+00 1.017914161687428626e-01 1.555687397150089073e-02 8.011938044097464962e-02 9.914521552472166377e-01
0.000000000000000000e+00 1.352294901233230817e+01 1.739494431862516954e+00 1.737302153419675310e+00 1.085429123772598120e-01 2.323406293302533038e-02 8.125799272577022281e-02 9.904926820075277138e-01
0.000000000000000000e+00 1.334539621128456055e+01 1.683717774763666686e+00 1.737213597898257911e+00 1.173534909457361053e-01 3.322832720954136537e-02 8.140414161507256163e-02 9.891902760144873907e-01
0.000000000000000000e+00 1.313164852941938499e+01 1.624662245228545521e+00 1.755173409805613094e+00 1.284424101615754543e-01 4.289636301262995249e-02 8.201023937233474503e-02 9.873888646071853348e-01
0.000000000000000000e+00 1.291043364663249271e+01 1.574367799678405788e+00 1.756693988689000063e+00 1.270134631203883591e-01 4.664287735891447378e-02 8.114236152855122675e-02 9.874755386050921846e-01
0.000000000000000000e+00 1.267396509759730172e+01 1.540658579357827129e+00 1.763410626712394125e+00 1.213909229224136577e-01 4.283582423869568279e-02 8.066354935775388313e-02 9.883940144491191182e-01
0.000000000000000000e+00 1.242571053001539028e+01 1.520698572252381808e+00 1.755874026007518074e+00 1.098764576500358692e-01 3.473657080945529579e-02 7.996411429080604871e-02 9.901142737726622567e-01
0.000000000000000000e+00 1.216541268463657310e+01 1.508854762771405733e+00 1.738972362679783501e+00 9.274630306718152639e-02 1.954825958140596343e-02 7.888531634477102816e-02 9.923674196989208385e-01
0.000000000000000000e+00 1.188990120273031970e+01 1.501228820999829683e+00 1.729162058424592141e+00 7.422419430103656401e-02 -3.358435626235617508e-03 7.725938455593558962e-02 9.942386420716831097e-01
0.000000000000000000e+00 1.162194961850068786e+01 1.480076476930752394e+00 1.733652523337066764e+00 6.259481607771140432e-02 -2.517770357488673463e-02 7.564914129396142772e-02 9.948493251062590081e-01
0.000000000000000000e+00 1.135822595556810910e+01 1.457754963899736689e+00 1.727859661292749260e+00 5.281566880432152222e-02 -4.153662602583127472e-02 7.438254403374180979e-02 9.949635425331978533e-01
0.000000000000000000e+00 1.110883269605531964e+01 1.431956457536423200e+00 1.710514393460892624e+00 4.686952643659353379e-02 -5.251941215960706510e-02 7.352162581003297837e-02 9.948062773104462408e-01
0.000000000000000000e+00 1.086552019548297565e+01 1.404272208986448112e+00 1.686071899609987712e+00 4.271951750616556631e-02 -5.881721919312377783e-02 7.298150347501514146e-02 9.946804902585326680e-01
0.000000000000000000e+00 1.062601576356987820e+01 1.375365892491688724e+00 1.656262527082218661e+00 3.978139927650218427e-02 -6.323511479944859959e-02 7.259389318676791325e-02 9.945596448679647761e-01
0.000000000000000000e+00 1.038545843884349829e+01 1.348113118588021964e+00 1.623437412806235658e+00 3.590906446327111340e-02 -6.842936877202046575e-02 7.211082407816706008e-02 9.943983053231754132e-01
0.000000000000000000e+00 1.014381533546449532e+01 1.323087442791401447e+00 1.588109208384954174e+00 3.071745045318963196e-02 -7.436442206516669096e-02 7.150186456768327370e-02 9.941900494029872748e-01
0.000000000000000000e+00 9.907114994438769529e+00 1.291290114432253944e+00 1.552648855950118811e+00 3.371875134302596000e-02 -7.137981502201976025e-02 7.123050366709221537e-02 9.943310229308053305e-01
0.000000000000000000e+00 9.685561953016447845e+00 1.254560663433871515e+00 1.515818954871770874e+00 3.532632475940800793e-02 -6.502503688251043412e-02 7.182742359059506032e-02 9.946680936763571124e-01
0.000000000000000000e+00 9.459113007819947683e+00 1.220697626627112120e+00 1.487161107630083912e+00 3.606177722683219511e-02 -6.143389682223821674e-02 7.211315120506518739e-02 9.948492940982329724e-01
0.000000000000000000e+00 9.233762760636063049e+00 1.184954560984305960e+00 1.465144696190093576e+00 3.751593385625219546e-02 -5.698673596631372712e-02 7.238158387848898923e-02 9.950406890906725588e-01
0.000000000000000000e+00 9.012527737578450271e+00 1.163755465833350877e+00 1.429782693180722486e+00 3.097495187403746450e-02 -4.887472132786543910e-02 7.234353867959841811e-02 9.956998676221855415e-01
0.000000000000000000e+00 8.796301341201729684e+00 1.132550329723922111e+00 1.426386596466589607e+00 2.996683130585095500e-02 -3.991655029984495645e-02 7.243128287241129559e-02 9.961236706830649545e-01
0.000000000000000000e+00 8.563550077846457498e+00 1.103168257102223881e+00 1.402457329673167719e+00 2.687391728435672283e-02 -3.808576376067525360e-02 7.241625495758524655e-02 9.962846747724656282e-01
0.000000000000000000e+00 8.339475199754515344e+00 1.072055497839746074e+00 1.396051236323227140e+00 2.319736472249723028e-02 -3.144176208157992841e-02 7.270261534317447316e-02 9.965879928984691105e-01
0.000000000000000000e+00 8.111506966924011408e+00 1.047847749547846430e+00 1.381663412361191279e+00 1.658067464767038618e-02 -2.611023511453266013e-02 7.286071700298497877e-02 9.968624041302304173e-01
0.000000000000000000e+00 7.888745869930982479e+00 1.022958884853101935e+00 1.371952213772073659e+00 1.163038003477816391e-02 -2.203700634617602669e-02 7.282421337706497522e-02 9.970334691260656079e-01
0.000000000000000000e+00 7.651976816447874086e+00 9.887345635455055959e-01 1.346183380552024911e+00 1.035289897408023067e-02 -1.612636699074924268e-02 7.318743503632912928e-02 9.971340717894034977e-01
0.000000000000000000e+00 7.427108978113365900e+00 9.572296753196165575e-01 1.339419599435551556e+00 1.085629545931709496e-02 -1.640849387517388097e-02 7.291675189725993489e-02 9.971439462135854859e-01
0.000000000000000000e+00 7.186705818923111444e+00 9.145473729865023493e-01 1.318616645950292821e+00 1.605777507872259077e-02 -1.786897274030867233e-02 7.308658593170146156e-02 9.970362072811475018e-01
0.000000000000000000e+00 6.947800619161152547e+00 8.659751050440711584e-01 1.289202507408799603e+00 2.693449099455529072e-02 -2.317944042902156040e-02 7.309298206656247854e-02 9.966918594575149282e-01
0.000000000000000000e+00 6.699160171544373377e+00 8.084849922329503391e-01 1.267213753712399082e+00 4.040028837019061375e-02 -3.263570221191909593e-02 7.321165696649413468e-02 9.959632427579649949e-01
0.000000000000000000e+00 6.461561145749814550e+00 7.565142466139248567e-01 1.230536460847370783e+00 4.711606639324324858e-02 -3.353071025522291748e-02 7.344205048742970254e-02 9.956214305536063014e-01
0.000000000000000000e+00 6.231254712398609286e+00 7.239978010653279616e-01 1.214834253869325087e+00 4.528256010098707235e-02 -3.193144528669045884e-02 7.348858318479722929e-02 9.957556430641478773e-01
0.000000000000000000e+00 6.002287991588675986e+00 6.917151248166992783e-01 1.182197873424798651e+00 4.563021114556524427e-02 -2.615686979823403369e-02 7.363751456011037588e-02 9.958971927074496966e-01
0.000000000000000000e+00 5.771444983192077771e+00 6.583133203246115395e-01 1.169277968548215529e+00 4.501230913159009334e-02 -2.556186716995210301e-02 7.346757967034217573e-02 9.959533110095121211e-01
0.000000000000000000e+00 5.548429449576692818e+00 6.226631695369954089e-01 1.144723800206309816e+00 4.705796317726685524e-02 -1.962502450676686938e-02 7.374223531967646905e-02 9.959731368088062808e-01
0.000000000000000000e+00 5.300020774352939057e+00 5.854155391831563637e-01 1.133282882425835636e+00 4.705544653429256929e-02 -1.981287347160489570e-02 7.376990659848960130e-02 9.959674873592545552e-01
0.000000000000000000e+00 5.084624293412644214e+00 5.518385488735864097e-01 1.122073501217110136e+00 4.828965061333656550e-02 -1.703039430007263766e-02 7.375037206806232815e-02 9.959613235128402797e-01
0.000000000000000000e+00 4.853313079912028982e+00 5.144182740118399266e-01 1.111176700214159263e+00 4.935511689683349384e-02 -1.538571079757789992e-02 7.399546149036348441e-02 9.959176793380973836e-01
0.000000000000000000e+00 4.622476844678287122e+00 4.801521524175942357e-01 1.102391337796953419e+00 4.945484399354414112e-02 -1.518564102076098120e-02 7.398375261039261130e-02 9.959166727503095951e-01
0.000000000000000000e+00 4.388778774002039640e+00 4.458058158580023855e-01 1.093373360983230347e+00 4.936117201395399945e-02 -1.535144710763416964e-02 7.396986010644678033e-02 9.959198098064637739e-01
0.000000000000000000e+00 4.157712906429633648e+00 4.115917903914248499e-01 1.085054833067824021e+00 4.958491718606480164e-02 -1.493151535745937397e-02 7.386215184013802948e-02 9.959230735163863146e-01
0.000000000000000000e+00 3.921397056765856703e+00 3.772607559452251236e-01 1.076121639896340243e+00 4.926618663933564346e-02 -1.525743436133157951e-02 7.383402055840686262e-02 9.959360375841956881e-01
0.000000000000000000e+00 3.685087598998527891e+00 3.452193672154318937e-01 1.069371046516077062e+00 4.785823895219250279e-02 -1.599977464704721575e-02 7.358217020484382476e-02 9.960116768409816856e-01
0.000000000000000000e+00 3.451852799599973043e+00 3.127965764222132017e-01 1.057990598852527553e+00 4.686238978520725768e-02 -1.663396748178434803e-02 7.354794084819001043e-02 9.960511673334988547e-01
0.000000000000000000e+00 3.211456191021671014e+00 2.802225285241894959e-01 1.052509867344508576e+00 4.533676848042760693e-02 -1.727297022379183089e-02 7.340256221042053275e-02 9.961216219841559916e-01
0.000000000000000000e+00 2.975349161819806021e+00 2.492993308437150002e-01 1.038452905267964521e+00 4.356092642687326572e-02 -1.734863194834128375e-02 7.332064747829646068e-02 9.962055778360794367e-01
0.000000000000000000e+00 2.742644777324335870e+00 2.171164656449301733e-01 1.030387233643322631e+00 4.233911869240111758e-02 -1.800831765629183970e-02 7.322037080920924812e-02 9.962539218603372326e-01
0.000000000000000000e+00 2.504981275085412573e+00 1.878785322972102712e-01 1.019362427024205875e+00 3.967614031849560352e-02 -1.750159376633537295e-02 7.314518680517861915e-02 9.963780807265387729e-01
0.000000000000000000e+00 2.267926238874464318e+00 1.542240199368127562e-01 1.008618780451561614e+00 3.890408953969778927e-02 -1.831927937598031714e-02 7.321557801175679336e-02 9.963886565776610693e-01
0.000000000000000000e+00 2.038196941370280957e+00 1.274257814364054275e-01 1.001313996499624936e+00 3.581015334478213075e-02 -1.716098218001711403e-02 7.309515068175842512e-02 9.965341100809603780e-01
0.000000000000000000e+00 1.804074963790929464e+00 9.384426648385024716e-02 9.898999473361621559e-01 3.481216685195020338e-02 -1.758754492806206132e-02 7.338618399975681272e-02 9.965406460854615567e-01
0.000000000000000000e+00 1.569607225164704856e+00 6.549238957632161351e-02 9.898656181294418488e-01 3.247399142981858416e-02 -1.687523894894382703e-02 7.326475525948056289e-02 9.966408288986563502e-01
0.000000000000000000e+00 1.333986084546479489e+00 3.296201288846107441e-02 9.707042470238088638e-01 3.017111359239781423e-02 -1.654571406911726703e-02 7.365975049190970347e-02 9.966896128725367676e-01
0.000000000000000000e+00 1.099263892092910977e+00 3.779734816797967675e-03 9.733469108637732292e-01 2.767017423345511512e-02 -1.600045840874384992e-02 7.364244429574595685e-02 9.967723597626231280e-01
0.000000000000000000e+00 8.686857497436316633e-01 -2.586138261046634287e-02 9.529248570761872372e-01 2.475890982518127309e-02 -1.556946349362521229e-02 7.385931444201006280e-02 9.968397011861763746e-01
0.000000000000000000e+00 6.098574463502429710e-01 -5.922945551412948234e-02 9.527475059967898119e-01 2.218430391138938654e-02 -1.581271698186053482e-02 7.394908490727380990e-02 9.968898371851302453e-01
0.000000000000000000e+00 3.985455727990275809e-01 -8.414132702656311469e-02 9.328766586098666824e-01 1.911897151576599091e-02 -1.506207645877755651e-02 7.421999567905589179e-02 9.969448284746402766e-01
0.000000000000000000e+00 1.625641821655643138e-01 -1.170045725722633767e-01 9.259015545603902497e-01 1.707788370385565288e-02 -1.630477848387643092e-02 7.444182083492766056e-02 9.969457936104499929e-01
0.000000000000000000e+00 -8.283752314017234220e-02 -1.431289050056918921e-01 9.087317998222540494e-01 1.260394713873626282e-02 -1.548373199428217627e-02 7.460943546117609904e-02 9.970129521225979952e-01
0.000000000000000000e+00 -3.078564605871308979e-01 -1.748087247897719965e-01 9.014262549658621504e-01 1.057969367473658023e-02 -1.760616932720412628e-02 7.488299436726975067e-02 9.969807571051519934e-01
0.000000000000000000e+00 -5.475926174001137792e-01 -1.989150746963694594e-01 8.956362687071764972e-01 5.472503728601700763e-03 -1.756589464588458743e-02 7.493260932391890283e-02 9.970188539381484860e-01
0.000000000000000000e+00 -7.877819061067227180e-01 -2.301260339780115960e-01 8.807240569940448793e-01 2.228454587198153321e-03 -2.013776179824111612e-02 7.532868452826786687e-02 9.969529045181375615e-01
0.000000000000000000e+00 -1.020595348655409129e+00 -2.563181610570454128e-01 8.836464077903213310e-01 -9.522977079084241070e-04 -1.960660598698445514e-02 7.521397126426626611e-02 9.969741885612710686e-01
0.000000000000000000e+00 -1.242601203282729827e+00 -2.948230165552062076e-01 8.637835470930389503e-01 3.031687670469130225e-03 -1.331311504149897823e-02 7.543273097601280175e-02 9.970574070409692347e-01
0.000000000000000000e+00 -1.465244563615424100e+00 -3.379928811301341485e-01 8.657887406310004197e-01 8.650875316008959162e-03 -6.147447188915431369e-03 7.540160835059253608e-02 9.970967699814649032e-01
0.000000000000000000e+00 -1.701131710231729821e+00 -3.814189257839105118e-01 8.522353537566382808e-01 1.155345506182672843e-02 1.406306035443775698e-03 7.573536251793838714e-02 9.970600256974229136e-01
0.000000000000000000e+00 -1.924071299391277190e+00 -4.159153011742294792e-01 8.472183552168429665e-01 9.713655146848304209e-03 -8.147179462503354244e-04 7.622756716619290274e-02 9.970427970464856848e-01
0.000000000000000000e+00 -2.166429525755900531e+00 -4.444316077620715233e-01 8.333151375157588081e-01 3.595589150806789962e-03 -3.207831407327867146e-03 7.631150708668946181e-02 9.970723822483895660e-01
0.000000000000000000e+00 -2.403134715671661592e+00 -4.743091900152757168e-01 8.288265646968829836e-01 -5.632606273252147759e-04 -7.687612524947069238e-03 7.663104491907801741e-02 9.970297218768066072e-01
0.000000000000000000e+00 -2.641275237939017639e+00 -5.093706336542634938e-01 8.187919263964227312e-01 1.733127777542867924e-04 -4.046264727513502503e-03 7.650610645661275189e-02 9.970608874984944192e-01
0.000000000000000000e+00 -2.872621009748311582e+00 -5.474738023395426811e-01 8.178712327178871977e-01 9.050868786215023097e-04 -3.234760625931515105e-03 7.691167205614873881e-02 9.970322521578540709e-01
0.000000000000000000e+00 -3.104394979273128019e+00 -5.851072308338655104e-01 8.185631149944033735e-01 2.153790919139828529e-03 5.397889327046120336e-04 7.705596749472452822e-02 9.970242964371716088e-01
0.000000000000000000e+00 -3.330116804410388376e+00 -6.195066935760441540e-01 8.232780710873920382e-01 1.672300058549916696e-03 2.090387179989653798e-03 7.704236182233623054e-02 9.970242264753590433e-01
0.000000000000000000e+00 -3.556264805992840117e+00 -6.621605843742526254e-01 8.483108014556838272e-01 3.513532658943365784e-03 6.293669034019198048e-03 7.672949406648733872e-02 9.970258921204834257e-01
0.000000000000000000e+00 -3.793073129206906646e+00 -6.973557871995430535e-01 8.504656917517632309e-01 2.300686648434679786e-03 8.327810260324438815e-03 7.672326982045594990e-02 9.970149920062744142e-01
0.000000000000000000e+00 -4.002730987715184874e+00 -7.378448308287288704e-01 8.843163248355695449e-01 2.381339247262540416e-03 1.488883075121549479e-02 7.585636092139284858e-02 9.970047464531021086e-01
0.000000000000000000e+00 -4.220215270119530793e+00 -7.696630837913945866e-01 8.851370459299222615e-01 -8.013405757570862082e-05 1.925691371654547970e-02 7.585224995510150836e-02 9.969330975694382646e-01
0.000000000000000000e+00 -4.435370770799178963e+00 -8.065923700398333063e-01 9.232849577565536148e-01 -1.374511713195655446e-03 2.683789493675112908e-02 7.515208196583038347e-02 9.968099130170785527e-01
0.000000000000000000e+00 -4.654688638649250088e+00 -8.387666795902933847e-01 9.282801818311219311e-01 -2.820361785840461242e-03 3.339796321010561619e-02 7.549466965485097936e-02 9.965827494325387725e-01
0.000000000000000000e+00 -4.864271186720974249e+00 -8.813004320809059156e-01 9.746882809607793074e-01 -2.613386082840958580e-03 4.058456813539539076e-02 7.439931467262821119e-02 9.963989186157763411e-01
0.000000000000000000e+00 -5.082789279165340623e+00 -9.156183076027489820e-01 9.908330066351808130e-01 -2.522705800630241010e-03 4.466916137913364698e-02 7.468351886710955512e-02 9.962031288782196015e-01
0.000000000000000000e+00 -5.293243116967570217e+00 -9.596448003485016365e-01 1.026658633235749463e+00 -2.561291936568588137e-03 5.403310153620219380e-02 7.380885897574411547e-02 9.958042558950493950e-01
0.000000000000000000e+00 -5.498060116959804233e+00 -9.998311196275418977e-01 1.060857974689956684e+00 -7.424210207295852022e-03 6.089196773585056621e-02 7.349388580418206307e-02 9.954073026241346822e-01
0.000000000000000000e+00 -5.718518937123655554e+00 -1.035617473173584990e+00 1.065839368381243046e+00 -6.260776904017364454e-03 6.854520134795429043e-02 7.357005774534995657e-02 9.949119582395581363e-01
0.000000000000000000e+00 -5.922059988908022099e+00 -1.083363430170380060e+00 1.117450690862318297e+00 -8.098547689877385464e-03 7.508540926860640674e-02 7.239721942366378338e-02 9.945125627461940399e-01
0.000000000000000000e+00 -6.135347074834980319e+00 -1.125029014860898346e+00 1.120620119057046393e+00 -8.586015815682569025e-03 8.280544329930229763e-02 7.178788122071570743e-02 9.939396556140916994e-01
0.000000000000000000e+00 -6.355541816579144410e+00 -1.167577353557778475e+00 1.159877551796219652e+00 -7.345120514937291713e-03 8.548706083826185242e-02 7.198413011396141703e-02 9.937083559302460900e-01
0.000000000000000000e+00 -6.575632662679248064e+00 -1.219698702201206020e+00 1.166870277141108581e+00 -4.003970519751150030e-03 8.902332569198460888e-02 7.205260885053371700e-02 9.934119172129192155e-01
0.000000000000000000e+00 -6.803411541022966524e+00 -1.268163404960732654e+00 1.188121190421668860e+00 -6.065980647901383915e-04 9.079286812510339866e-02 7.207754727350361434e-02 9.932578287209425927e-01
0.000000000000000000e+00 -7.033019886334080262e+00 -1.312745427932705766e+00 1.207674533223312974e+00 6.407725336635637300e-03 9.075084544510415852e-02 7.216013288347322696e-02 9.932351888295382070e-01
0.000000000000000000e+00 -7.265504541460696686e+00 -1.364393788990088341e+00 1.225476908156537093e+00 1.655569940196079809e-02 8.709107276307723189e-02 7.159514052513639426e-02 9.934863812430818619e-01
0.000000000000000000e+00 -7.510749840287650692e+00 -1.419960786992277235e+00 1.237816066979188445e+00 3.095598206700922450e-02 7.824795042711261972e-02 7.072008533364658456e-02 9.939404685184244359e-01
0.000000000000000000e+00 -7.758586825190468161e+00 -1.485112289002705976e+00 1.226814460421735253e+00 5.291925664397021528e-02 6.639656298736837381e-02 6.975956658558195300e-02 9.939439881449586567e-01
0.000000000000000000e+00 -8.025814487964645139e+00 -1.557293281699082099e+00 1.220906042442789996e+00 7.726011783868080851e-02 4.445804060039718064e-02 6.702493223805570943e-02 9.937615484994427595e-01
0.000000000000000000e+00 -8.304366543353456365e+00 -1.634692577582796735e+00 1.184106035766969933e+00 1.085083106485913995e-01 1.808106357782947315e-02 6.341997852358274845e-02 9.919057051878225062e-01
0.000000000000000000e+00 -8.584535686159053824e+00 -1.705905386243997901e+00 1.200082364590489004e+00 1.147353427442525942e-01 -1.355941347910730437e-03 5.922325532864063796e-02 9.916282411149345277e-01
0.000000000000000000e+00 -8.827539582583550981e+00 -1.756920970321535602e+00 1.190030424747037241e+00 1.141325845611376594e-01 -6.849778225149181794e-04 5.364106834476243396e-02 9.920160884449453764e-01
0.000000000000000000e+00 -9.053869312350732557e+00 -1.788807061257431608e+00 1.174656519368290741e+00 1.125783099904910239e-01 1.142339654230170067e-02 5.111417104291919589e-02 9.922615439740258836e-01
0.000000000000000000e+00 -9.285903511227761697e+00 -1.812977630752405034e+00 1.176932447887133915e+00 1.123685816314199254e-01 1.287364682109037699e-02 5.132661298166033004e-02 9.922565947775302542e-01
0.000000000000000000e+00 -9.538054911792283264e+00 -1.841767459838051124e+00 1.174082821067488513e+00 1.145753997576915290e-01 3.693636641095356197e-03 5.017103580075444463e-02 9.921399608852615737e-01
0.000000000000000000e+00 -9.656454764247191846e+00 -1.861468019121368167e+00 1.169463800372477769e+00 1.140287506243484739e-01 4.836625762074620201e-03 4.962231348141696308e-02 9.922256180360591316e-01
0.000000000000000000e+00 -9.710954192259654505e+00 -1.881412180812868540e+00 1.175669951737195351e+00 1.117152748361488063e-01 1.177638579329304443e-02 4.973876196324943794e-02 9.924248433328816121e-01
0.000000000000000000e+00 -9.731063082352358506e+00 -1.901176734989789230e+00 1.170911016786673864e+00 1.106257817730177534e-01 1.147333323047784043e-02 4.942767549458312176e-02 9.925659695591488862e-01
0.000000000000000000e+00 -9.729616697880549836e+00 -1.918417679307239609e+00 1.167694125348898382e+00 1.091431106900741521e-01 1.148075067108727913e-02 4.863256410080395165e-02 9.927692820902064286e-01
0.000000000000000000e+00 -9.727925466936630627e+00 -1.936822014885697163e+00 1.163957436385292032e+00 1.079949377317890313e-01 1.149251348099433051e-02 4.782387207659538619e-02 9.929339821044487202e-01
0.000000000000000000e+00 -9.725536580858353375e+00 -1.951217754522746262e+00 1.160825443668914270e+00 1.067896096673368878e-01 1.139738825498281399e-02 4.717312655572476060e-02 9.930965587187484678e-01
0.000000000000000000e+00 -9.694006118464148614e+00 -1.943383430334675976e+00 1.156533119498493578e+00 1.093200804627591644e-01 8.311574098707221608e-03 4.771232049455568364e-02 9.928260533530748333e-01
0.000000000000000000e+00 -9.659466853000070685e+00 -1.942508144877096887e+00 1.153304736457144486e+00 1.099396435041346681e-01 5.524624591142218190e-03 4.753820998204043302e-02 9.927854108018582258e-01
0.000000000000000000e+00 -9.657773487881932795e+00 -1.942113276328705673e+00 1.153889884271609212e+00 1.099999971135001420e-01 5.091951836234293559e-03 4.736758712880462241e-02 9.927891943162570065e-01
0.000000000000000000e+00 -9.629942969364375216e+00 -1.927388202144074691e+00 1.153405037088324203e+00 1.098880433107517762e-01 5.494012995844242513e-03 4.556319700623388119e-02 9.928838949429621419e-01
0.000000000000000000e+00 -9.549836028063834803e+00 -1.910359479134286831e+00 1.156456006664267289e+00 1.108956609043352526e-01 5.042354558408026176e-03 4.480691983421964536e-02 9.928086759230441150e-01
0.000000000000000000e+00 -9.415593771230774678e+00 -1.892562436265938564e+00 1.158863793368954287e+00 1.116655587321565002e-01 5.040184416416127779e-03 4.411758700889911733e-02 9.927532614152401180e-01
0.000000000000000000e+00 -9.230921700910663219e+00 -1.873861909066074860e+00 1.160098641682713261e+00 1.120193863969833892e-01 4.878254736194873563e-03 4.360679086909884788e-02 9.927367765385097798e-01
0.000000000000000000e+00 -8.997706118709169587e+00 -1.852348285774509051e+00 1.158217632838092204e+00 1.116514495960366365e-01 7.098429807755523777e-03 4.373512225857871527e-02 9.927591879093314864e-01
0.000000000000000000e+00 -8.761678823518048276e+00 -1.831254359603732507e+00 1.156812815854659116e+00 1.114694580995591044e-01 7.552440270753780181e-03 4.382303640682946866e-02 9.927724120043995848e-01
0.000000000000000000e+00 -8.527793076436173791e+00 -1.811112136495183433e+00 1.156449870986702377e+00 1.117296239129055430e-01 6.819792883987357140e-03 4.375908281921454118e-02 9.927512902213331270e-01
0.000000000000000000e+00 -8.292821326551290895e+00 -1.790413635117207969e+00 1.155696482714491102e+00 1.117535684451963773e-01 6.728307102986707915e-03 4.377547334933248185e-02 9.927484967283176642e-01
0.000000000000000000e+00 -8.055376566397901783e+00 -1.769463013152574371e+00 1.154931763597148331e+00 1.117471167731170778e-01 6.681925339972237879e-03 4.379685865699524394e-02 9.927485930176007667e-01
0.000000000000000000e+00 -7.822591977083863668e+00 -1.748946535419099391e+00 1.154230040700431781e+00 1.117400393161196853e-01 6.633848227281544628e-03 4.382003781134016784e-02 9.927486892247918693e-01
0.000000000000000000e+00 -7.585678391020060474e+00 -1.725573685243240840e+00 1.149872447259286279e+00 1.105176791868040798e-01 6.554365762623592245e-03 4.395362039904758544e-02 9.928801348251605763e-01
0.000000000000000000e+00 -7.352232631447778388e+00 -1.700583632702637571e+00 1.146638969138235709e+00 1.082095248331410020e-01 7.397881854783981692e-03 4.417255389341895322e-02 9.931187016474826157e-01
0.000000000000000000e+00 -7.115619541227489186e+00 -1.680624053168713550e+00 1.149565719520591722e+00 1.077966436260921895e-01 5.724550909978169330e-03 4.402424817948082797e-02 9.931812416231288188e-01
0.000000000000000000e+00 -6.877694780686877785e+00 -1.659107887569496897e+00 1.130446733815283711e+00 1.011725933476778777e-01 4.745581522176810924e-03 4.295707446212708447e-02 9.939297135939629824e-01
0.000000000000000000e+00 -6.635380782921403764e+00 -1.630345841865388667e+00 1.123087245993860117e+00 9.393850641675396962e-02 8.546276149624044277e-03 4.371716883077824550e-02 9.945809807781289535e-01
0.000000000000000000e+00 -6.397817280664172657e+00 -1.595729092044644970e+00 1.092603307273978697e+00 8.558394292880293353e-02 7.498862754696159101e-03 4.391056515560306378e-02 9.953346261624084201e-01
0.000000000000000000e+00 -6.153550320169530963e+00 -1.567780401711377447e+00 1.073412252060838235e+00 7.792831244559218773e-02 8.034591125369982406e-03 4.448887767026958595e-02 9.959334130495222093e-01
0.000000000000000000e+00 -5.923042024486573354e+00 -1.541895524991858002e+00 1.059447282932343359e+00 7.162213084683291542e-02 8.969325879753391878e-03 4.446640815849639550e-02 9.963997993334322567e-01
0.000000000000000000e+00 -5.683628930723022776e+00 -1.508542523118349798e+00 1.017417353934721991e+00 5.919148274208099053e-02 6.196775353659859063e-03 4.462615602182914976e-02 9.972293991578495831e-01
0.000000000000000000e+00 -5.447093787315483659e+00 -1.479511521218341619e+00 1.001831309888347787e+00 5.244108583816746438e-02 7.954348331758042887e-03 4.451956308563884829e-02 9.975994533686327603e-01
0.000000000000000000e+00 -5.205984949816455654e+00 -1.446974342393109847e+00 9.822255833478292786e-01 4.429564073277383884e-02 8.493381904684224604e-03 4.427669569345926009e-02 9.980006677825237205e-01
0.000000000000000000e+00 -4.968964439733402294e+00 -1.417417725358243397e+00 9.461533339775287654e-01 3.342352665151155505e-02 8.250536003497932133e-03 4.406292148659050889e-02 9.984354037552440886e-01
0.000000000000000000e+00 -4.724672918575493874e+00 -1.387072886236591529e+00 9.218831908267678399e-01 2.400700095377866078e-02 8.803275840913764999e-03 4.312610847580480855e-02 9.987423616766273327e-01
0.000000000000000000e+00 -4.482995058094799923e+00 -1.356232537919809689e+00 8.916049283190276009e-01 1.382137512151463202e-02 1.051646902075973125e-02 4.270366653300340654e-02 9.989368199909961499e-01
0.000000000000000000e+00 -4.239202115297524998e+00 -1.323112705852226512e+00 8.652378242055138724e-01 2.572660918644044566e-03 1.180797797598232522e-02 4.261840230845266586e-02 9.990183305908812983e-01
0.000000000000000000e+00 -3.999397002428737746e+00 -1.296108099110133471e+00 8.480878015283230820e-01 -5.321872651367773798e-04 1.166971020071315424e-02 4.203731798398295527e-02 9.990477458746702677e-01
0.000000000000000000e+00 -3.757196295612525105e+00 -1.280603751582973127e+00 8.244912518467666374e-01 2.044812555334853208e-03 2.504944475488850384e-03 4.124961718461853111e-02 9.991436398621125203e-01
0.000000000000000000e+00 -3.540043136899895249e+00 -1.267052008665642493e+00 8.241301289056445212e-01 4.182557016300579751e-03 -1.306349143892290442e-04 4.114296222319822199e-02 9.991445069712514560e-01
0.000000000000000000e+00 -3.306673979295376764e+00 -1.240419800253523608e+00 8.102450439684812933e-01 -2.963760956382729050e-04 -1.073166878783741269e-03 4.121097506980894026e-02 9.991498466235461118e-01
0.000000000000000000e+00 -3.094639162211799910e+00 -1.229453522801294385e+00 8.111749102173743120e-01 -7.539897003962501600e-04 -2.054707911562948189e-03 4.131246187866655789e-02 9.991438786123115756e-01
0.000000000000000000e+00 -2.935144214441884891e+00 -1.230768827530015042e+00 8.129647975581664188e-01 8.142552880910151577e-05 -1.366426258821739660e-03 4.129657793413116229e-02 9.991459947875950265e-01
0.000000000000000000e+00 -2.826393897557939905e+00 -1.232644554830360173e+00 8.145823939595177032e-01 1.193907514325781311e-03 -3.373481768050714613e-04 4.128529196562744780e-02 9.991466286028131139e-01
0.000000000000000000e+00 -2.766157445272244164e+00 -1.231897928922772945e+00 8.151294645696043339e-01 7.021530050982164022e-04 -1.232187178997978588e-03 4.126912878526158013e-02 9.991470600993724860e-01
0.000000000000000000e+00 -2.755267594725917757e+00 -1.233319983906473905e+00 8.158962418698492147e-01 1.593329047073247092e-03 -2.628996051605569516e-04 4.124852677280584773e-02 9.991476123303395518e-01
0.000000000000000000e+00 -2.759958429087507437e+00 -1.229211992917313312e+00 8.148699657082881798e-01 -1.065863622661383401e-03 -3.042252659021694484e-03 4.122833710271713720e-02 9.991445505297225083e-01
0.000000000000000000e+00 -2.763129660380714281e+00 -1.226788170627026275e+00 8.153764953787530079e-01 -2.621829166696415352e-03 -4.871321976800622663e-03 4.120339663109338219e-02 9.991354644591893264e-01
0.000000000000000000e+00 -2.758337200672869027e+00 -1.230791293378036944e+00 8.151199162644950924e-01 -4.688838406592205294e-05 -2.027101462013139455e-03 4.119445027585513092e-02 9.991490909406924859e-01
0.000000000000000000e+00 -2.756667765753930244e+00 -1.232354548227459601e+00 8.153681878884929679e-01 9.394511708060480177e-04 -1.028964963440800497e-03 4.117797420753867982e-02 9.991508560286403995e-01
0.000000000000000000e+00 -2.758610025830914747e+00 -1.230610343942072804e+00 8.150614960443200996e-01 -1.898965198528989001e-04 -2.173701474262180848e-03 4.115560233628150211e-02 9.991503667404372235e-01
0.000000000000000000e+00 -2.762873005533400317e+00 -1.227009109702926093e+00 8.151398172070116743e-01 -2.529477045017740431e-03 -4.698646705695321522e-03 4.113650234012876383e-02 9.991392859057413034e-01
0.000000000000000000e+00 -2.760681030754260412e+00 -1.228812990476402023e+00 8.147910726779505897e-01 -1.377794687581735582e-03 -3.360829341477383336e-03 4.111830905612300080e-02 9.991476823614723335e-01
0.000000000000000000e+00 -2.759051901975569709e+00 -1.230354578251053432e+00 8.150270418589373733e-01 -3.951788106885910086e-04 -2.384751747237876668e-03 4.110175642500162735e-02 9.991520416891473966e-01
0.000000000000000000e+00 -2.759885599177547277e+00 -1.229623115276901268e+00 8.149242217050589598e-01 -8.897337934310415447e-04 -2.869283390958731351e-03 4.108125129369825934e-02 9.991512930376176271e-01
0.000000000000000000e+00 -2.762748935452516541e+00 -1.227236383517362972e+00 8.149604899536116998e-01 -2.440636442634318455e-03 -4.556473578278186741e-03 4.105861172836786088e-02 9.991433692144607859e-01
0.000000000000000000e+00 -2.760953676907738519e+00 -1.228751885208229089e+00 8.147636784262721754e-01 -1.470675716550053080e-03 -3.463373219659044919e-03 4.103878707075461069e-02 9.991504692060348969e-01
0.000000000000000000e+00 -2.760550583117265866e+00 -1.229161599707623065e+00 8.148262569457941362e-01 -1.229199280307251415e-03 -3.214382315557024090e-03 4.101923857125658324e-02 9.991524302540094604e-01
0.000000000000000000e+00 -2.762364952488240544e+00 -1.227532517363905340e+00 8.145598080831024657e-01 -2.288312057020226026e-03 -4.283766740561529250e-03 4.099649516741265404e-02 9.991474867878269439e-01
0.000000000000000000e+00 -2.761600606053151274e+00 -1.228299336717593393e+00 8.146843065225889413e-01 -1.816936023298113771e-03 -3.803909253788092387e-03 4.097995830034643211e-02 9.991510756815398242e-01
0.000000000000000000e+00 -2.761713120127049059e+00 -1.228237118991913235e+00 8.146598921369587742e-01 -1.878010833308607066e-03 -3.863757592814722874e-03 4.095870970783827003e-02 9.991516043882645581e-01
0.000000000000000000e+00 -2.762161553339099296e+00 -1.227878644674394115e+00 8.146321455202338857e-01 -2.125203476271158784e-03 -4.110666352966159572e-03 4.093828456695089435e-02 9.991509609608723030e-01
0.000000000000000000e+00 -2.762217360897213592e+00 -1.227873105925159081e+00 8.145900661859211134e-01 -2.151934077964465491e-03 -4.137389087820107086e-03 4.091626718534093626e-02 9.991516953250282329e-01
0.000000000000000000e+00 -2.762251086010799384e+00 -1.227897001876060878e+00 8.145991200386775155e-01 -2.151848582480917708e-03 -4.139253668355056051e-03 4.089592398808633567e-02 9.991525206533323766e-01
0.000000000000000000e+00 -2.762470727637357459e+00 -1.227749070663526343e+00 8.145690957424212009e-01 -2.263626240306198904e-03 -4.258645559040435610e-03 4.087452546564809136e-02 9.991526475480135838e-01
0.000000000000000000e+00 -2.762481252119286079e+00 -1.227772071096225437e+00 8.145593115726650346e-01 -2.271694056080385878e-03 -4.254233703149883430e-03 4.085206065061854075e-02 9.991535667965724121e-01
0.000000000000000000e+00 -2.762487971490613869e+00 -1.227784663054953818e+00 8.145534505336821107e-01 -2.266834806430043092e-03 -4.252487485750653350e-03 4.083230622834883861e-02 9.991543927633096400e-01
0.000000000000000000e+00 -2.762514234436913352e+00 -1.227789090526016702e+00 8.145498488730855691e-01 -2.272928261076285605e-03 -4.261092889800184233e-03 4.081294846823322470e-02 9.991551331609290765e-01
0.000000000000000000e+00 -2.762517476422480467e+00 -1.227797380579387143e+00 8.145495912239059111e-01 -2.263292963137222835e-03 -4.258501575677693489e-03 4.079234471601441564e-02 9.991560074792440460e-01
0.000000000000000000e+00 -2.762532802402987375e+00 -1.227811836891354202e+00 8.145859122039602607e-01 -2.269692292307023008e-03 -4.263259141117385284e-03 4.077440731611117752e-02 9.991567048398434236e-01
0.000000000000000000e+00 -2.762519124858972219e+00 -1.227833130249846860e+00 8.145486473850308551e-01 -2.264950449016465018e-03 -4.250983864067762498e-03 4.075248173215070824e-02 9.991576624178597488e-01
0.000000000000000000e+00 -2.762559778440751845e+00 -1.227820732984336471e+00 8.145969567788875487e-01 -2.277556657555866552e-03 -4.269533684640075370e-03 4.073362324064722789e-02 9.991583236682144431e-01
0.000000000000000000e+00 -2.762567244481640039e+00 -1.227843239622273153e+00 8.145652271916320464e-01 -2.279385356016283386e-03 -4.267651653174992302e-03 4.071287130181115710e-02 9.991591733363249794e-01
0.000000000000000000e+00 -2.762566863542863960e+00 -1.227857029591342020e+00 8.145528406062083615e-01 -2.265948715957619413e-03 -4.259317174834284514e-03 4.069077722827411925e-02 9.991601394882503318e-01
0.000000000000000000e+00 -2.762576977688013358e+00 -1.227872615970226233e+00 8.145708620663795196e-01 -2.273694350180308511e-03 -4.260930719987019236e-03 4.067001487598823767e-02 9.991609603429211228e-01
0.000000000000000000e+00 -2.762591327982515388e+00 -1.227870676492305302e+00 8.146014527466068911e-01 -2.270934957158461925e-03 -4.267620121484028313e-03 4.065060076352267765e-02 9.991617281153655217e-01
0.000000000000000000e+00 -2.762591675929580770e+00 -1.227884668441635574e+00 8.145868342705588905e-01 -2.271941403702404817e-03 -4.263092694580966104e-03 4.062816000630966456e-02 9.991626578978206608e-01
0.000000000000000000e+00 -2.762589605415433969e+00 -1.227901579602523885e+00 8.145641336213571559e-01 -2.267811016710557202e-03 -4.258513234205804285e-03 4.060884652994067173e-02 9.991634719512790808e-01
0.000000000000000000e+00 -2.762599286027424217e+00 -1.227911644161744364e+00 8.145803487145960586e-01 -2.277464005780335289e-03 -4.259736593216179382e-03 4.059027945127589160e-02 9.991641992264964633e-01
0.000000000000000000e+00 -2.762588813489196049e+00 -1.227944101757192152e+00 8.145796487117452633e-01 -2.260468570248442503e-03 -4.249114693559546616e-03 4.057213967344232286e-02 9.991650197982727688e-01
0.000000000000000000e+00 -2.762593431059330307e+00 -1.227962439584558973e+00 8.145658528429674528e-01 -2.262810070705363521e-03 -4.247536006094097122e-03 4.055068983026239443e-02 9.991658919732754329e-01
0.000000000000000000e+00 -2.762593598424415209e+00 -1.227988848885101403e+00 8.145705518547109447e-01 -2.249922523912460844e-03 -4.240819702294938189e-03 4.053120479556802935e-02 9.991667402064127179e-01
0.000000000000000000e+00 -2.762631928450641539e+00 -1.227966871917655967e+00 8.145630169738846682e-01 -2.270828578297216446e-03 -4.259777691572193790e-03 4.051014044362260397e-02 9.991674665204149930e-01
0.000000000000000000e+00 -2.762642493858299630e+00 -1.227975880785908469e+00 8.145505017440786144e-01 -2.277652259900004531e-03 -4.262041943663230290e-03 4.048851975594899150e-02 9.991683176855767901e-01
0.000000000000000000e+00 -2.762663205849323234e+00 -1.227973940416483778e+00 8.145768915673416988e-01 -2.280047686046615240e-03 -4.270944164111879944e-03 4.046819679946031534e-02 9.991690975336940950e-01
0.000000000000000000e+00 -2.762644481902038152e+00 -1.228008634073992855e+00 8.145651186936258004e-01 -2.264074849964614784e-03 -4.253629677864080930e-03 4.044722311417232874e-02 9.991700569682769872e-01
0.000000000000000000e+00 -2.762694663090193181e+00 -1.227990545863142824e+00 8.146016834853877508e-01 -2.278427772275930241e-03 -4.275645619147758029e-03 4.042596836809893984e-02 9.991707905573138371e-01
0.000000000000000000e+00 -2.762706727206912127e+00 -1.228011063666801128e+00 8.145648884552243452e-01 -2.279137737327277882e-03 -4.277826337033284292e-03 4.040248692789829427e-02 9.991717293754091012e-01
0.000000000000000000e+00 -2.762690487309284126e+00 -1.228041508937640414e+00 8.145654158873424366e-01 -2.275025170477579933e-03 -4.262497679748810699e-03 4.038262925043528684e-02 9.991726070248452274e-01
0.000000000000000000e+00 -2.762696343998224169e+00 -1.228039590930384062e+00 8.145670990866493710e-01 -2.275508528719531569e-03 -4.266005445261992872e-03 4.036560891253995059e-02 9.991732787037475028e-01
0.000000000000000000e+00 -2.762691904019322298e+00 -1.228042170715116788e+00 8.145413025089611736e-01 -2.273987247371469980e-03 -4.264020339482759055e-03 4.034647097751880435e-02 9.991740636106420936e-01
0.000000000000000000e+00 -2.762692528041223117e+00 -1.228048535988381484e+00 8.145858414344760989e-01 -2.274901505999608279e-03 -4.264271810173738027e-03 4.032816815795624288e-02 9.991747993529914718e-01
0.000000000000000000e+00 -2.762703046161580467e+00 -1.228053353203542031e+00 8.145812667954228647e-01 -2.277235146150791405e-03 -4.265321053830491149e-03 4.030680731393338628e-02 9.991756514850400617e-01
0.000000000000000000e+00 -2.762712903938065345e+00 -1.228064360923811771e+00 8.145677883898010396e-01 -2.281722659442445011e-03 -4.266905332851943580e-03 4.028441143428079102e-02 9.991765376828959377e-01
0.000000000000000000e+00 -2.762698779300267304e+00 -1.228085823460268955e+00 8.145679933140622664e-01 -2.261701475500795065e-03 -4.253960754124577227e-03 4.026360996404683423e-02 9.991774768463314027e-01
0.000000000000000000e+00 -2.762696761282318114e+00 -1.228115113835027250e+00 8.145819604633037780e-01 -2.256758146003337660e-03 -4.245527475184883437e-03 4.024098191419195336e-02 9.991784354727186734e-01
0.000000000000000000e+00 -2.762744986291447269e+00 -1.228099485482025965e+00 8.145762265582972006e-01 -2.274113839531821148e-03 -4.267790484664193799e-03 4.021809640829446947e-02 9.991792227082771927e-01
0.000000000000000000e+00 -2.762743504821578711e+00 -1.228107770946263777e+00 8.145523828366499908e-01 -2.272835800038528874e-03 -4.260962335900408265e-03 4.019586585956403529e-02 9.991801493150263003e-01
0.000000000000000000e+00 -2.762758910362547837e+00 -1.228127802533013790e+00 8.145612370467207874e-01 -2.278271719684981864e-03 -4.264544906495779802e-03 4.017377657433118809e-02 9.991810100329506783e-01
0.000000000000000000e+00 -2.762746443957890818e+00 -1.228167789039725566e+00 8.145647367745323386e-01 -2.266600714505365155e-03 -4.249737637110909128e-03 4.015384378319956232e-02 9.991819008972545602e-01
0.000000000000000000e+00 -2.762748583553095383e+00 -1.228188794816242879e+00 8.145599466243860221e-01 -2.256186183576973803e-03 -4.246380345425349034e-03 4.013352089517819438e-02 9.991827552447166694e-01
0.000000000000000000e+00 -2.762775425158337850e+00 -1.228182956394466174e+00 8.145697662664906913e-01 -2.261065165190510179e-03 -4.256403993122570041e-03 4.011427901294087328e-02 9.991834742571747974e-01
0.000000000000000000e+00 -2.762804211706727742e+00 -1.228181430229910109e+00 8.145694179082819675e-01 -2.277275951427579562e-03 -4.267660287844639126e-03 4.009204398647123885e-02 9.991842818513988478e-01
0.000000000000000000e+00 -2.762820179818828326e+00 -1.228186491375435230e+00 8.145695349470288837e-01 -2.269474065709329094e-03 -4.267518274471641254e-03 4.006824251719001695e-02 9.991852549536678341e-01
0.000000000000000000e+00 -2.762828046482930677e+00 -1.228200330298368392e+00 8.145802494307997632e-01 -2.269917234002129074e-03 -4.268394497349407325e-03 4.004643955138364325e-02 9.991861242848717461e-01
0.000000000000000000e+00 -2.762836252420509009e+00 -1.228195887132197850e+00 8.145887194656391550e-01 -2.282556444539415516e-03 -4.271029238704311497e-03 4.002471321034173357e-02 9.991869547675998886e-01
0.000000000000000000e+00 -2.762831621276704563e+00 -1.228212105806353094e+00 8.145816509660295246e-01 -2.272073941758755069e-03 -4.269112915618803253e-03 4.000549645301421792e-02 9.991877564344275875e-01
0.000000000000000000e+00 -2.762834188983391837e+00 -1.228213492115956429e+00 8.145969565168975635e-01 -2.276828712777781948e-03 -4.270264205542608285e-03 3.998610665547495946e-02 9.991885168321166244e-01
0.000000000000000000e+00 -2.762836746614434791e+00 -1.228217571382677731e+00 8.145696513556794915e-01 -2.278247874676561386e-03 -4.270671788433952863e-03 3.996656195742109841e-02 9.991892938149411485e-01
0.000000000000000000e+00 -2.762836757744743910e+00 -1.228223898139319203e+00 8.145952030604147742e-01 -2.275548140414385481e-03 -4.270119503523520793e-03 3.994679958114416563e-02 9.991900926066621391e-01
