28.612 -0.027777234336261544 -4.888334388828691 0.8367395766567366 8.092306163010175e-05 -0.007487859816750992 -0.00022543585609084853 0.9999719368989801
28.829 -0.027852778100681805 -4.888421768242468 0.8367404145548818 8.487583257919418e-05 -0.007486398775328974 -0.0002536975628473304 0.9999719407398472
29.005 -0.02793116509827244 -4.888501054743656 0.836713140194549 8.241118012125604e-05 -0.007487633406240278 -0.0002834662295290481 0.9999719237064949
29.212 -0.028008639830134616 -4.888579035165109 0.836705855110307 7.884575294632764e-05 -0.007488260900315967 -0.00031217391071239255 0.9999719107452398
29.433 -0.02808786962036071 -4.88865069471633 0.8367241708200364 7.91270356308969e-05 -0.007490961545512622 -0.00034049433828571264 0.9999718812534889
29.606 -0.02816630624763891 -4.888733406213787 0.8367149420356399 7.897766728585054e-05 -0.007490071865526803 -0.00036798680458186055 0.9999718781904264
29.808 -0.02823814039463804 -4.888825566362915 0.8366958741155419 8.338437809870454e-05 -0.0074833325275027816 -0.0003968029834884231 0.9999719172700404
30.022 -0.028318720772356615 -4.888895533643105 0.8366911229227565 7.502256140140215e-05 -0.007485085657647575 -0.00042497886586185526 0.9999718932336433
30.21 -0.028397840440499464 -4.888975386643813 0.8367005214951326 7.55274655669751e-05 -0.007485346899672365 -0.00045252454713086106 0.9999718791540728
30.413 -0.02846470712072556 -4.88906277002736 0.8366844940991816 8.087273251571683e-05 -0.007478609759744689 -0.0004811041032042676 0.9999719158028912
30.6 -0.028539866830319616 -4.889149740575857 0.8366930703590406 8.516406995342146e-05 -0.0074800250869622685 -0.0005087269425262432 0.9999718911892863
30.802 -0.028612877353428948 -4.889229935944677 0.8366636767937031 8.330638568200786e-05 -0.007476269544668394 -0.0005365714554451375 0.9999719048777396
31.003 -0.02868878708733677 -4.88931042540821 0.8366903321734864 8.537638065540965e-05 -0.007474766685518621 -0.0005645217455197735 0.9999719005497452
31.229 -0.028749691871573585 -4.889408937683449 0.8366655149447786 8.875215321105996e-05 -0.007464261722840216 -0.0005921292285794305 0.999971962758439
31.428 -0.028841387751053438 -4.8894740383150035 0.8366493116082215 8.455051456441431e-05 -0.007472398683614058 -0.0006207301413097752 0.9999718850063813
31.602 -0.028923854711620386 -4.889545225845824 0.8366548134073226 7.953371885065564e-05 -0.007474850608802625 -0.0006485181014630509 0.9999718494572913
31.815 -0.028998890434590044 -4.889625817781965 0.8366716247913994 7.553660989959027e-05 -0.0074715287633717676 -0.0006757665799740608 0.9999718565498171
32.011 -0.02906156213851753 -4.889724314305189 0.8366711778727944 8.688632422150074e-05 -0.0074632326070215305 -0.0007031708163010277 0.9999718986854698
32.217 -0.029153103779860495 -4.889789145736426 0.8366461371710909 7.961974891710972e-05 -0.007470222804150629 -0.0007325297287641993 0.9999718260191878
32.418 -0.029223345476993595 -4.8898807776034525 0.8366386336576497 8.114386454130384e-05 -0.0074674286452865715 -0.0007609935907141836 0.999971825510027
32.611 -0.029299598320805254 -4.889964881137708 0.8366538023012193 8.353634997111923e-05 -0.007464604365425897 -0.0007884014607636636 0.9999718251663307
32.826 -0.029372470930052783 -4.890048326218165 0.8366434343175397 7.691856246941113e-05 -0.007460786078121343 -0.000815952592234463 0.9999718320912839
33.001 -0.02944770464639475 -4.890145168941012 0.8366278476064795 8.259589104032612e-05 -0.00746094849186778 -0.0008434987286928967 0.999971807570301
33.205 -0.029523034004678136 -4.890217676506445 0.8366198247950599 8.059057866894437e-05 -0.007461578146655313 -0.0008714095354784836 0.9999717791028614
33.412 -0.029595875235955665 -4.890296685152866 0.8366303724474414 7.78524915674504e-05 -0.007458986881026386 -0.000898773531785015 0.999971774431577
33.624 -0.02967317618882398 -4.890382874952821 0.8366253847796726 8.054237449684959e-05 -0.0074586050671585705 -0.0009266602996037725 0.999971751613048
33.813 -0.029745220818364962 -4.890475210165838 0.8366110703225538 8.178174488548508e-05 -0.0074534160533403174 -0.0009541928197018187 0.9999717643098454
34.02 -0.029824277923770903 -4.890556775727793 0.8365958155143276 8.36438810435678e-05 -0.007454526399774346 -0.0009826733641959118 0.9999717282968131
34.205 -0.02990503081175111 -4.8906329302535525 0.8366183060079095 7.992686513687951e-05 -0.007454167763995986 -0.0010098897438793782 0.9999717041583465
34.426 -0.02997928515708473 -4.8907131053434005 0.8366135560993979 7.62587702633116e-05 -0.007451348445221028 -0.0010390940869054119 0.999971695536642
34.607 -0.030053925817771804 -4.890788853058573 0.8365711301378624 7.677647559310046e-05 -0.007451852315538195 -0.001068600505384944 0.9999716606461405
34.808 -0.030129880503764347 -4.89086566801515 0.8365784037928334 7.374059003075731e-05 -0.007452003077769896 -0.0010972158068305003 0.9999716287625003
35.027 -0.03021078849443301 -4.890945395457568 0.836591179772534 7.329941630173785e-05 -0.007450322870057614 -0.0011241027750305405 0.9999716114516846
35.215 -0.030291912535486687 -4.8910288918926925 0.8365857391142222 7.874971509141336e-05 -0.007448572294131303 -0.0011519048435124795 0.9999715924387518
35.412 -0.030363274244405963 -4.891118212759715 0.8365659360286272 8.192616691154928e-05 -0.007443596426388835 -0.0011798027616030991 0.9999715967095205
35.614 -0.030444878188361724 -4.891189797813704 0.8365873226402359 7.710652060062754e-05 -0.007447189142039875 -0.001207335344225968 0.9999715374798595
35.827 -0.030520144701431898 -4.891271596498136 0.8365676829061778 7.341394791023674e-05 -0.007444925225262748 -0.0012355592842575869 0.9999715201404676
36.013 -0.030593236800920076 -4.891372071146256 0.8365520123473755 8.115711872335486e-05 -0.0074405608089909816 -0.001263224568355218 0.9999715174604024
36.225 -0.030675641022696945 -4.891446714460557 0.8365456937280646 8.029135761112002e-05 -0.007443241257208541 -0.0012913556284508483 0.9999714616495443
36.419 -0.030746730624531954 -4.891540990718538 0.8365643478605327 8.532979285977036e-05 -0.007440096858830545 -0.001318872311898988 0.9999714487191035
36.604 -0.030826829068793082 -4.891619637715215 0.8365583745870417 7.535445601181904e-05 -0.007435777575253147 -0.0013466046169140359 0.9999714446870788
36.802 -0.030905451985061366 -4.891695919761314 0.8365275267857869 7.666658239223165e-05 -0.007440197542754417 -0.0013748295313926679 0.999971373303516
37.012 -0.030971860689044672 -4.891785666767255 0.8365566078359369 7.812744256013527e-05 -0.0074345434413309016 -0.0014019643312145429 0.9999713775683462
37.22 -0.031051427366050183 -4.891855759855767 0.8365470120565741 7.751216012729608e-05 -0.007435631757125064 -0.0014292247857128635 0.9999713309334172
37.402 -0.03112547735409872 -4.891943853198783 0.836549109997612 7.56505961500325e-05 -0.007431659564494737 -0.0014572911081026482 0.9999713200965972
37.613 -0.031204236371317196 -4.892020244309039 0.8365250995335569 7.548872038592494e-05 -0.00743293362587929 -0.0014858755836522231 0.9999712685737108
37.802 -0.031267079068408074 -4.892120217019625 0.8365316647958492 8.018024565460917e-05 -0.007422734543694657 -0.0015124620980018078 0.9999713041089852
38.026 -0.031354965675063434 -4.892198467800061 0.836515355850217 7.900294078364356e-05 -0.007429891174435644 -0.0015405254623826897 0.9999712082140021
38.223 -0.031435727773401645 -4.892275339751466 0.8365008497970123 7.414110250069038e-05 -0.007430886947811478 -0.0015692079776773527 0.9999711565883231
38.417 -0.03151150358575387 -4.892362364119872 0.8364982594452021 7.718973056503212e-05 -0.0074269417088015195 -0.0015967741154389744 0.9999711420291207
38.603 -0.03158889538924671 -4.892442882135539 0.8365050453209135 7.50956152749672e-05 -0.0074266243413851595 -0.0016247023163407316 0.9999710995593443
38.803 -0.03167029251273841 -4.892516562436516 0.8365043869323519 7.023035850171716e-05 -0.007427324459800665 -0.0016530709738528685 0.9999710482186076
39.002 -0.03174240653601257 -4.892611301420851 0.8364924463250336 7.571793377171634e-05 -0.007423678147541683 -0.0016807415580541113 0.9999710287690196
39.209 -0.031819595572589926 -4.892706530540859 0.8364810906986692 7.76122441162443e-05 -0.0074195304166152784 -0.0017064088792774004 0.9999710159366988
39.417 -0.031905382513331235 -4.892775049274489 0.8365058950192354 7.147827548813547e-05 -0.00742443143861339 -0.0017349254378399342 0.9999709309486924
39.605 -0.031970205068972385 -4.8928631463813685 0.8364625538581094 7.382565500569984e-05 -0.007417107469034233 -0.0017633857625374584 0.9999709353462319
39.802 -0.032045293262349436 -4.8929454080043735 0.836490146079097 7.272733147742947e-05 -0.0074131819951606176 -0.0017897958537600516 0.9999709176142293
40.024 -0.03212611895732323 -4.893022931373101 0.8364777769720171 7.325214816286714e-05 -0.007417188468603828 -0.0018187491929686469 0.9999708356250783
40.223 -0.032208929885493065 -4.893099572597965 0.8364651695174706 6.863511938012e-05 -0.0074165115320229385 -0.0018466802889535658 0.9999707897822946
40.409 -0.03228659504163042 -4.893182884769489 0.8364799536423663 7.207543864694901e-05 -0.007413516019732376 -0.0018728956371805456 0.9999707629962432
40.624 -0.0323611736199073 -4.893259545787009 0.8364491595780572 6.678224125712406e-05 -0.007414218182372892 -0.0019015892718705013 0.9999707040044311
40.82 -0.0324397409450386 -4.89334912816908 0.8364768062453097 7.286091054821971e-05 -0.007412234606272518 -0.0019269927771704068 0.9999706696539985
41.001 -0.03251492390397913 -4.893434601943773 0.8364629212162954 6.88452601288306e-05 -0.007407406663004761 -0.001955635537301269 0.9999706501075442
41.206 -0.03259285004726217 -4.893512854646476 0.8364409037416656 6.900892658157542e-05 -0.00740862693491141 -0.001984519058711727 0.9999705841517604
41.411 -0.03267898845815437 -4.893598006081723 0.8364325236500164 6.962419049167182e-05 -0.007410677047566165 -0.0020119106414833126 0.999970514182163
41.62 -0.03275317392815846 -4.893684347386763 0.8364420097911109 6.901681435018039e-05 -0.007410160177489835 -0.00203975801943736 0.9999704616387654
41.835 -0.0328298812325719 -4.893769655512193 0.8364323289027955 7.066471342639691e-05 -0.007413023415442464 -0.0020672279045067326 0.9999703838910088
42.006 -0.03290663564089323 -4.893853070311961 0.8364410683712449 6.794124914310875e-05 -0.00740881393876195 -0.002094919548222721 0.9999703576467125
42.214 -0.03296636809886033 -4.893953001396973 0.8364349342678319 7.307438148059593e-05 -0.00739780839325477 -0.0021222347146524385 0.9999703811668262
42.413 -0.03305455469083142 -4.8940104340242705 0.8364162696964741 6.329422693545706e-05 -0.007406555805298345 -0.002150737755504523 0.9999702561836781
42.621 -0.033131758262650135 -4.894093764359122 0.8364102741547031 6.268440516431663e-05 -0.007402738096318937 -0.0021787353320527046 0.9999702238825392
42.829 -0.03320182895564845 -4.894192829128156 0.8363977157636131 7.573800595252477e-05 -0.007399528574678285 -0.002205966166912107 0.9999701870325421
43.021 -0.033280760626191286 -4.894270330045702 0.8364098398605477 7.178389635623685e-05 -0.007400184625356164 -0.0022342320902276583 0.9999701197143592
43.218 -0.027617740138266955 -4.89476947146388 0.8359690271916467 0.00015245402316985308 -0.0067566762755978125 -0.0022596907138897845 0.9999746086183166
43.4 0.20542864503699246 -4.902507194445695 0.840516723848985 0.0029804029615622843 -0.006029918858851116 -0.012542359852349059 0.9998987181140281
43.61 0.38637736270717726 -4.91860810263044 0.844991888094205 0.010117943292203052 -0.0003968049927729683 -0.012828625220504285 0.9998664391528927
43.828 0.5149538707029955 -4.909833258181216 0.8441651005923234 -0.000678809411001146 -0.009092102495828387 -0.01289219575197879 0.999875324317328
44.0 0.9134835506915373 -4.927043492147668 0.8512845531585362 7.001297904940694e-05 -0.010152908904617192 -0.01705889918280433 0.9998029343313753
44.219 1.382835565249637 -4.943588509299897 0.8577085425190417 0.00028185559955080415 -0.011527879426127116 -0.016967037202787045 0.9997895519567691
44.406 1.850989844470485 -4.960355557360739 0.8635078669990162 0.0011075264018065214 -0.012603528050678731 -0.01678415141145846 0.9997790839617232
44.61 2.3240473695409705 -4.978309173453937 0.8710463829422195 0.002592238613486848 -0.013588879884896347 -0.0165544077394318 0.9997672600294737
44.818 2.7932055191482226 -4.9983840152854775 0.8783128925868202 0.0053723581291406485 -0.013445120786725917 -0.016441440720308974 0.999759993959652
45.018 3.268620589121331 -5.021051620656164 0.8841112931494639 0.010116973765006993 -0.011102516699792932 -0.016178527241044936 0.9997562884128711
45.221 3.7546441480889787 -5.049642202692709 0.8879031582410487 0.017975881145307578 -0.0051719327488549734 -0.015938972826579422 0.9996979883714504
45.4 4.229926106202563 -5.0721995000633955 0.8894835428102847 0.022534285276177828 -0.0014940536755176158 -0.0158085510495656 0.9996199595368332
45.614 4.700595997563333 -5.0873934826031295 0.8994520749754288 0.02410850133133749 -0.0029369274488279724 -0.015264192194721622 0.99958849486044
45.826 5.16084602643496 -5.097618470867985 0.919237841196514 0.021507347381386648 -0.011771676686297942 -0.01494485059417265 0.9995876715312806
46.028 5.620685355558218 -5.118053931420577 0.9416570302121254 0.02012610565115111 -0.016512448736766123 -0.014387901006418225 0.999557535719012
46.201 6.077698434659603 -5.155142886268259 0.9795244210072587 0.02824432166452243 -0.019124491301922564 -0.013031293372131318 0.999333126399402
46.411 6.5146884277160195 -5.187458737162211 1.022667088277149 0.03114073300837052 -0.024917988163849263 -0.012511837655493477 0.9991260193449323
46.618 6.844934401309399 -5.21731397510602 1.0746987558931538 0.02008695085063366 -0.05142695387884869 -0.014999959113767208 0.998362050584282
46.818 7.279545967112276 -5.23470883191745 1.073152699734977 0.021323344967228063 -0.0512387713251849 -0.015820581368118695 0.9983334174902033
47.023 7.721723593375822 -5.260369754074059 1.121349528495109 0.02319183498283363 -0.0617149472671916 -0.015477201897480362 0.9977042950169964
47.217 8.17765103103725 -5.273784151667267 1.1571584457259405 0.02064178073644628 -0.07111061469175269 -0.015318119884465792 0.9971371784109719
47.413 8.633785374925118 -5.292842868772029 1.2086541659776915 0.023860429092139614 -0.07493185043359062 -0.015749744562032514 0.9967787333507713
47.611 9.092719859516432 -5.309480393619548 1.2724441041162458 0.024819853307443185 -0.07882010160313817 -0.016587208331304483 0.99644178504559
47.806 9.550343916493006 -5.3280639522077635 1.3431848818547043 0.025884566777483076 -0.08313294955739901 -0.017486711464268962 0.9960487522319349
48.0 10.012155907093259 -5.34741664803915 1.4212927163439173 0.026270594030018253 -0.08469092343006787 -0.0177765113701982 0.9959022537485179
48.213 10.506160108142655 -5.359815844184299 1.480504074006853 0.02254673085431192 -0.06858736049336474 -0.017784788523845328 0.9972317284390317
48.416 11.062117056591076 -5.363921412192504 1.4545816048048963 0.014004359892900208 -0.01868371841389061 -0.01743712927122408 0.9995752813535353
48.619 11.605388293052307 -5.329099773353881 1.4894194250944945 -0.015162236123040984 0.02058848473241515 -0.01717976196499328 0.9995254257251279
48.818 12.093594208690435 -5.2749083754549435 1.5345117452867179 -0.045994908011294015 0.04109983880851716 -0.02122120552944083 0.9978701980332029
49.021 12.574283997659858 -5.166189965115961 1.695798665214462 -0.07782051330631494 0.05526131811690037 -0.029234880598647015 0.9950052644007001
49.205 13.083160687919232 -5.082305865637948 1.6833151187359663 -0.08337057933604708 0.04613099685339115 -0.0446391900660446 0.994448902830473
49.421 13.441761497022929 -5.0677205956191935 1.5801978352104213 -0.07081207590796908 0.02987086071520169 -0.05641617936881762 0.9954449237859233
49.601 13.575237257279205 -5.068252033281464 1.5612591335553854 -0.07080481277600854 0.030574476196748 -0.05698895431810219 0.9953914501234067
49.809 13.580406613879646 -5.068190621066301 1.560852008358255 -0.07081394691069101 0.030519936323396963 -0.05695615172619406 0.9953943515965362
50.019 13.549536575246249 -5.053149709212688 1.5490519371825502 -0.06665039999032724 0.02863199126083699 -0.056275044773899094 0.995776607775692
50.224 13.410783968420535 -5.028707448421687 1.5530644999678493 -0.06114373218842183 0.023844485428549923 -0.0540294828609078 0.9963802986362692
50.403 13.370835638203571 -5.0287589185113175 1.5783009896496194 -0.054023968738775824 0.020359487166776803 -0.05406776864361651 0.996866881021693
50.601 13.207182869260203 -4.966189258046393 1.565500752024171 -0.06124337819181017 0.029559338153046334 -0.057016042864236546 0.9960545492149075
50.814 12.845950772683075 -4.925676034687977 1.5589056590702475 -0.04848827421665817 0.0277030347057892 -0.05763756398241457 0.9967744681470092
51.017 12.365772391937213 -4.891279516750209 1.5395846697755802 -0.029476633943772326 0.0191544737120862 -0.058226668853362085 0.9976842632929512
51.205 11.852588364858331 -4.876606170142236 1.4772209838490937 0.007372482867725974 -0.005670198541566472 -0.05922376279861765 0.9982014031571169
51.41 11.387214105833257 -4.841275414159419 1.4470449299105397 0.011751851978830137 0.001260052956897618 -0.05863682277526048 0.998209411524674
51.627 10.935725119841338 -4.780786360209748 1.4484088332241325 0.010371614086112632 0.012725487495422114 -0.05844132555836481 0.9981558510855075
51.803 10.435548392588169 -4.725345369590086 1.4467965902384567 0.011213962883628789 -0.008285764036513148 -0.05877990763938207 0.998173589917446
52.007 9.923862938177434 -4.663282649503028 1.4235901336030208 0.0088690717650838 -0.03530570863164862 -0.05906914289624451 0.9975899372294942
52.209 9.39300122554593 -4.604645022445234 1.3474275704860004 0.009652059530955964 -0.07685674075493178 -0.05922034015960062 0.9952350629166566
52.413 8.9163981405262 -4.560542388967287 1.287640790320191 0.014861468374004835 -0.07395991575261282 -0.0563294450906588 0.9955581656716062
52.608 8.46415888503952 -4.508833769054719 1.2462911679823407 0.015255864783675832 -0.06426806265795723 -0.05591895443016833 0.9962479336226158
52.801 8.025887736094274 -4.513805439274686 1.193473094659934 0.029762521558456285 -0.07263935457280266 -0.05602857221289032 0.9953383924944894
53.022 7.600681176745742 -4.504365335547383 1.1736436995450668 0.030955265714999358 -0.062385492990121624 -0.05552448216836664 0.996025528623051
53.231 7.309353109567607 -4.49757227950276 1.146176851494243 0.030238739066728727 -0.05681006034129404 -0.05500475490619431 0.9964099119546043
53.403 6.924638682977775 -4.448388866619905 1.1024911440918788 0.027975978895236744 -0.043368683960361455 -0.05531496338410678 0.9971342721430322
53.625 6.463342997281805 -4.401289518797151 1.0392398774682592 0.02940576855018477 -0.031217615487236342 -0.05527029463193381 0.9975499765879219
53.802 6.00681361012182 -4.352049389397665 0.9857417233868596 0.029948095728727978 -0.021253575808488457 -0.05517829813460865 0.9978009583541921
54.025 5.549790931563145 -4.303903752296434 0.9487772555784513 0.029418312009782805 -0.012002077309387288 -0.05429876093520947 0.9980191168608225
54.2 5.21100432790173 -4.30338461732656 0.9343121081137655 0.029990651725827842 -0.007735944249073483 -0.053990848986383976 0.9980609721862512
54.43 5.049421610628127 -4.305235652513782 0.9331894434157182 0.02935544325795525 -0.007024647276432576 -0.05962753860734742 0.9977642351384418
54.603 4.943876581417237 -4.3494575736370065 0.9240534180480904 0.030035494679056165 -0.0061650973940131 -0.09358821804449706 0.9951387370998893
54.809 4.932843933318579 -4.361389375286082 0.9231877363264993 0.02985518317793868 -0.006244654331225026 -0.09708371853664712 0.9948087373584897
55.015 4.929870603577575 -4.388023354900832 0.9218156384858642 0.030130259668346652 -0.005919877738467089 -0.13614585496595633 0.9902128198904863
55.208 4.931008740899103 -4.501786037692921 0.9215375653540328 0.03133702339737633 -0.006900996557876166 -0.21784021776455872 0.9754568195134985
55.407 4.92650320961204 -4.654028763973484 0.9309471931884055 0.0330097817838041 -0.009972731169103825 -0.3285443007969425 0.9438588566906932
55.628 4.93195409738248 -4.758538936402082 0.9509747927386145 0.036216525011312846 -0.013233903957195226 -0.4106332857278576 0.9109849239995689
55.813 4.9668598463606175 -4.56686642106538 0.960945160118857 0.03375389795424998 -0.009116453864312016 -0.46753974714202223 0.8832803345961054
56.019 4.953392048336131 -4.555730578009958 0.9501429416253728 0.02940450869063652 -0.003433922933829093 -0.5286037625385726 0.8483523119977993
56.215 4.949456388028994 -4.62818057924408 0.9507185623358724 0.02980941277604252 -0.008893914999138301 -0.5760617411449848 0.8168140348787746
56.408 4.968335142702509 -4.741131199910807 0.9405475048916283 0.025708352725216745 0.0015834013781835317 -0.6127118223855044 0.7898865716982822
56.613 4.999371599102266 -4.787910625842083 0.9370723338464583 0.022132031542044125 0.015858695985809988 -0.6170648218808874 0.786441148808072
56.801 5.062217844925136 -4.900686910421572 0.9280718132544064 0.024516549556076662 -0.0007973702318134724 -0.6235165442512511 0.7814252504517342
57.004 5.105255638303752 -4.9646000383009365 0.9205172019392824 0.02132194593333651 0.013946751501520875 -0.623775768434649 0.7811879757509931
57.208 5.140223449270209 -5.045192076774919 0.9416064678259106 0.023796635839128416 -0.010013953063920477 -0.6287118700569148 0.7772096405194102
57.401 5.246426132882824 -5.315452153111161 0.9059433781115438 0.018507986061349898 0.006956677169322722 -0.6305686706201674 0.7758815700395452
57.617 5.352642144684021 -5.765979912415332 0.912968518876227 0.01567599652261838 0.009697274308439592 -0.6326580625316679 0.7742118585488639
57.819 5.435738179732808 -6.214043490490673 0.8765478285977364 0.014482726787461262 -0.0008413146717515415 -0.6346330496997569 0.772677445667472
58.007 5.51871363107879 -6.669561388468194 0.8674548101445552 0.01294312717190303 -0.006952294356957021 -0.6349893586037132 0.7723811594816585
58.202 5.6108884995533845 -7.130348227945489 0.8587527601693274 0.010913661450531785 -0.00783749131933075 -0.6353018769554915 0.772147000810333
58.426 5.703832077759193 -7.593761297077008 0.8529881796835318 0.009076648832671503 -0.008200859447433373 -0.6354123972699459 0.772076062150584
58.626 5.783613170498652 -8.040024740934449 0.8823594685757152 0.003942812054141933 -0.01396621981021799 -0.6348942446484973 0.7724627480011785
58.8 5.873056180483488 -8.472086212333698 0.9163226663982341 -0.00819472196117708 -0.02137444158810509 -0.6350390868734216 0.7721407500719973
59.01 5.947051358965662 -8.911787670581093 0.9525731688523117 -0.011996387795711442 -0.029086760389822965 -0.6345494465680405 0.7722415728967676
59.228 6.0247220339893355 -9.34732102694613 0.9830861125283541 -0.019476364912711264 -0.036979985820663676 -0.6332956442588589 0.7727805502348305
59.414 6.1073375631515345 -9.798906248146379 1.0178184989561574 -0.020136360487987327 -0.04426586518538532 -0.6325167445372709 0.7730185172721672
59.616 6.187503979382542 -10.259202175253453 1.056362347093427 -0.01668405906790418 -0.05100823707176541 -0.6320746924529946 0.773046819464579
59.811 6.272063401075407 -10.718909816671566 1.0755437482660475 -0.0162873640814291 -0.05327602039071418 -0.6319270901690826 0.7730229881012878
60.013 6.35583141330087 -11.178025694970188 1.1061152719908316 -0.011431060118662703 -0.05727545962185844 -0.6319313785060858 0.7728205389668847
60.203 6.431963436735593 -11.653483831068868 1.1257146294974343 0.003962822268044052 -0.059884879705723926 -0.63138563388886 0.7731431164674918
60.411 6.495632098586539 -12.15125155628851 1.1294180498990718 0.03481515056622892 -0.060611550205693705 -0.6296198350175867 0.7737525499958889
60.613 6.555657692949684 -12.656726198657053 1.129555770069177 0.07025784693150756 -0.06107321100491638 -0.6267534327347358 0.773636886657638
60.804 6.625611380730584 -13.125648040507688 1.139730707797768 0.06843179729517947 -0.06291791803139031 -0.6273689931113383 0.7731536530289516
61.005 6.705045087650159 -13.588616310888565 1.1509132900924903 0.06956977209909486 -0.06516738502387333 -0.6278613927861593 0.7724657469350047
61.204 6.785604592596884 -14.04610075949079 1.161946929716692 0.06793000434964772 -0.06737372302209352 -0.6285461219864091 0.7718653175852931
61.417 6.83727750383495 -14.472980754706509 1.1657373503432145 0.0738823274847127 -0.06744403592091482 -0.6279090843193162 0.7718308658854076
61.605 6.837181953434882 -14.718782461210141 1.1659312994836597 0.07392787801567151 -0.06742438852663012 -0.6279568602618727 0.7717893510109873
61.8 6.828890308690655 -14.768952346218631 1.1663401313934327 0.0740774387095773 -0.06777093765290819 -0.628353771381322 0.7714215261935227
62.003 6.76385161021013 -14.688103291190513 1.159914926136009 0.06628014869503444 -0.06732578853635791 -0.6298812857125387 0.7709239560397905
62.201 6.745142257557318 -14.635087915297573 1.1589812804793362 0.05516073759793141 -0.06561210655200607 -0.6321606279237885 0.7700813496017558
62.409 6.632447162238726 -14.405894669548067 1.1498576772115547 0.07288669704801824 -0.06462950950891319 -0.6306204848148003 0.7699534791310538
62.608 6.533861667138182 -13.99457255648032 1.134126602502422 0.07063973227876798 -0.061990504208881976 -0.6312019946463089 0.7699034014511389
62.816 6.44137165085525 -13.528797904206385 1.1228314496766139 0.06928166725459342 -0.0597176932608618 -0.6313380354227986 0.7700948855319757
63.004 6.3560274782413835 -13.05567582263954 1.1098619408212014 0.06206471373995186 -0.057636517246430534 -0.632110685528719 0.77023508387277
63.207 6.271090648296282 -12.588211536014427 1.097189526714153 0.05542831328263256 -0.055534344901725985 -0.6328436004370351 0.7702938504290872
63.412 6.183056970015602 -12.12064761117045 1.0846591177631868 0.052956010528020306 -0.05331594387859875 -0.6333550863014938 0.7702041325085953
63.603 6.091539574498344 -11.65739744173864 1.0715294491710605 0.05370564681733471 -0.050754112874506874 -0.6336109149276168 0.7701148823460315
63.82 6.002648392519388 -11.191534962680132 1.054416592813377 0.052298039326809265 -0.047424608231307834 -0.6338488659763082 0.770228171853787
64.006 5.927818677887587 -10.710787194016813 1.031066087789946 0.0392856227176384 -0.0432414374767285 -0.635104170432714 0.770213938222107
64.2 5.850614176635899 -10.23116067486838 1.0216578153302145 0.02791357834718112 -0.04104825689887736 -0.6360883994089622 0.7700178055647572
64.424 5.7786620773341495 -9.752414185899685 0.9992106362160893 0.0150220148991176 -0.03567071726803876 -0.6368028358621055 0.7700546001654263
64.602 5.7133267844395865 -9.268200357188386 0.9687770793236891 -0.0029784783993987147 -0.029496822039726884 -0.6372997614361049 0.7700455052978783
64.8 5.642304178944111 -8.790616799303363 0.9337476669990908 -0.008947888900094954 -0.023678294598141154 -0.6374977650325829 0.7700362804619122
65.016 5.54716500128047 -8.343983373758535 0.895533650290088 0.002208800809652248 -0.018242034357771754 -0.6373768722689335 0.7703330916416254
65.205 5.462534641311756 -7.886425368839641 0.8671963460926726 0.004248986252240593 -0.011679306282658551 -0.6372438807360467 0.7705619873735322
65.425 5.37440418802167 -7.423168333886853 0.8434803940206423 0.007252602830604226 -0.005827944125800585 -0.637343649288473 0.7705235282138373
65.62 5.282263205427158 -6.957399260141964 0.8461378445846282 0.007964260407293384 -0.005667116084002236 -0.6369260960604046 0.7708628947541241
65.814 5.1872562197288925 -6.500807762452188 0.8579243789715203 0.010425353648502318 -0.005439800189060397 -0.6370282737384342 0.7707507372899733
66.008 5.091138485540474 -6.043734983410189 0.8733245679799622 0.01359307371813138 -0.005093255263404018 -0.6372493140611102 0.7705209918142139
66.215 4.995794614725985 -5.588790942975866 0.8907870759924652 0.017167647357437556 -0.0035148895102421218 -0.6373834760719205 0.7703474682676755
66.412 4.909082653380836 -5.139490436429176 0.9144583063924553 0.019949917641302092 0.0038488888282577293 -0.637424555548719 0.770244846022621
66.621 4.821803632167557 -4.696567860605186 0.9343440785216776 0.02288964018290603 0.01011442520342314 -0.6382384753183303 0.76943187573588
66.806 4.803346799802363 -4.424049330242713 0.9489976386837486 0.029585842108668693 -0.0028668231253845015 -0.6394400214636727 0.7682661766747423
67.001 4.875125335227959 -4.37090505065266 0.9591659361091045 0.02727084986467295 0.006742023331266648 -0.6439300229885887 0.7645684870323749
67.218 4.900003406369371 -4.386987615475712 0.9460128581687541 0.024827824690204656 0.015283878732014975 -0.6438927255701704 0.7645600958262699
67.417 4.939511378781162 -4.5748340045223035 0.9521503896593122 0.02793517193336502 -0.005229355875565623 -0.6448209087945336 0.763805129327875
67.602 5.040760979452419 -4.9640477436389325 0.9477221176268102 0.020969229493101656 0.011169510930429845 -0.6455523164651166 0.7633464090087558
67.816 5.124924033107671 -5.418785477071468 0.8969302326803608 0.01747904103024993 0.011616240522362584 -0.6485288252366631 0.7609007221168498
68.023 5.120482334396347 -5.771322124453392 0.8990470730243428 0.01596982453930842 0.008396629648680482 -0.638952864331005 0.7690342635266202
68.204 5.107858209331949 -6.077670629082023 0.875473962618777 0.011710954818193973 0.0033393303309346904 -0.6276212502304048 0.7784235792095527
68.418 5.106462083097504 -6.220431382068145 0.8750195251416126 0.01214136150234826 0.002666689467574419 -0.6240830637847408 0.7812591155341511
68.6 5.094340080585956 -6.33035613075648 0.8816040378090677 0.013979710385681476 0.0015953195783888563 -0.5947594754551732 0.8037805602334896
68.812 5.068079160092153 -6.4570916579161555 0.8841625341899385 0.015172838941952064 -0.002858511319690414 -0.5594007429945352 0.8287535355029497
69.007 5.046510563345598 -6.604859819210282 0.8610858398328904 0.011510047212921697 -0.005286489616761608 -0.5133136331940821 0.8581076190186051
69.207 5.066402539389133 -6.838039672927552 0.8593934095178439 0.0075334124368842716 0.0046545771863250925 -0.4513459820279348 0.8923050975510065
69.412 5.056191833672818 -7.11623536864731 0.8459065182810768 0.008474352322650463 -0.004519009470615853 -0.3747497125540263 0.9270762734785043
69.617 5.053828137110411 -7.362219492122523 0.8339406803568313 0.00401304992519308 -0.003578177923283541 -0.2816426673820533 0.959504299095616
69.812 5.058718160805604 -7.5107898662604216 0.8415109363446964 0.00435100575533871 -0.004745429407366861 -0.1944328389124898 0.9808947042374562
70.015 5.065706503860938 -7.595899237802504 0.8375034194192521 8.907571267080052e-05 -0.006173589063402984 -0.13219457551728978 0.9912045566215872
70.201 5.059037387875247 -7.641312878010317 0.8358265219469773 2.1926575232689528e-05 -0.006030675598603447 -0.09453716197432312 0.9955030665331425
70.411 5.061791272923223 -7.646617837977058 0.8355522766780316 0.0028797960723226383 -0.003939965294955533 -0.09447177720404067 0.9955155783612663
70.615 4.948065672626122 -7.57597426053067 0.8359788499616838 0.0017611442470554276 -0.005402227432967193 -0.09451663805149291 0.9955070664948324
70.827 4.8820907245093155 -7.558341230901263 0.8294461852064613 0.0005155512307555737 -0.005054830447084015 -0.09568105113488007 0.9953990754214131
71.009 4.805077364856864 -7.506886690351006 0.8359195347233901 0.004196822785391229 -0.0035419433033608647 -0.09487048540090175 0.9954744759741162
71.207 4.52528735228687 -7.415840313751882 0.829636285768883 0.0027735275346953605 -0.0029649529790069865 -0.09536343388182941 0.9954342429699274
71.422 4.07797402785008 -7.323175258597676 0.8212440891896495 0.00014429840385971388 -0.002788357065421171 -0.09615197620714039 0.9953627488078444
71.618 3.621926002052011 -7.236608409716282 0.816285484432226 0.0011302148537314961 -0.0007389876891364141 -0.09606337084541071 0.9953743041154905
71.809 3.1543228264094725 -7.145101490303716 0.8145097343986452 0.0009907623316512402 -0.00040007485478488013 -0.0960652020566126 0.9953744698775103
72.014 2.6903227856411736 -7.0536428937077185 0.8142787473329356 0.0006469548158155937 -0.0005749739471252146 -0.09617357377154523 0.9953642019695282
72.214 2.3126169574486806 -7.027034432874033 0.8137075085804544 -7.612270364160713e-05 -0.0009872556197468966 -0.09530992644108136 0.9954471545257795
72.415 2.1268240805741603 -7.026992562737007 0.8129909920206574 -6.303561449985533e-05 -0.000798699131243581 -0.09531283462102802 0.9954470461369173
72.603 2.1070248624499746 -7.027442345371332 0.812922853271243 0.0001985134072759851 -0.0005800513575468208 -0.0953084630633662 0.9954475983201471
72.828 2.1064165162262576 -7.0281309429659204 0.812940588520837 0.00028972995436243616 -0.0006180268689495489 -0.08663676612891323 0.9962397326216551
73.007 2.1040628533215773 -7.032925496775271 0.8137228969408581 0.0005241586322156595 -0.0005111249229122441 -0.07091952612096446 0.9974817716749612
73.229 2.103725043868774 -7.032496347514307 0.8137277543075754 9.329803645986335e-05 -0.000981554387815617 -0.06868898553254135 0.9976376351726965
73.402 2.1020359618876783 -7.0363822682710575 0.813572522743466 4.8795981046302886e-05 -0.0009604304353845188 -0.04752112707649269 0.9988697701270727
73.618 2.100588620685292 -7.038402364307849 0.8145760233802403 0.0011981304607764421 -0.00018090523090411 -0.03171263079228098 0.9994962935423667
73.806 2.098142920818091 -7.041310413455739 0.8149397453300241 0.0002755552160609747 -0.0013553531298648046 -0.02066642020425663 0.9997854700700335
74.027 2.0922875565177117 -7.045007133987682 0.8144999047975081 0.0010891188423485776 -0.000309897208302314 -0.012557280504287805 0.9999205130860175
74.212 2.0832559378165447 -7.04432464516963 0.8157152767940113 0.001263673569576276 -0.0003942975172990594 -0.00557719803623211 0.9999835711253673
74.412 2.0712625877174595 -7.04536920054837 0.8164283654383933 -0.00010810920253779024 -0.0016590134457743278 -0.0014357910354925543 0.9999975872425341
74.612 2.0624949913786703 -7.049295742766101 0.8161594879857639 0.0011520806877547802 -0.0006759873360949745 0.001642544633758467 0.9999977588966569
74.813 2.0589897015904124 -7.04802619950852 0.816563845129807 0.0001760844837430624 -0.0014853112483358272 0.0033316080785869184 0.9999933315939467
75.031 2.060344749112962 -7.04769009856188 0.8155004217484922 0.00011720011462623827 -0.0016746139885160823 0.0032730664556657593 0.9999932344611636
75.215 2.169726870115841 -7.047614517832992 0.8160090265993944 0.0016236095508173618 -0.00014146244314702593 0.003351803443740043 0.99999305462292
75.419 2.2003810899866645 -7.047423102825875 0.8164332366724588 0.0011196467741728454 -0.0006898634477374773 0.0032859517187462284 0.9999937364807976
75.62 2.36853836681893 -7.058004297277014 0.8155744140275935 0.0012009006124930627 -0.0005025235053017255 -0.011031673290512927 0.9999383018427972
75.826 2.786113628345686 -7.068693158544487 0.8169410039314147 0.00010277379461167088 -0.0018500837219593087 -0.011410502275638982 0.9999331813004239
76.024 3.259569320401209 -7.079298427094899 0.8184012400054761 6.964678081723693e-05 -0.0023285840085780734 -0.011374779234773823 0.9999325913496375
76.211 3.5349703623526185 -7.13739726906582 0.8206697765988529 0.0010554569631748996 -0.001646516104457804 0.007605248839525805 0.9999691671173694
76.423 3.696631835987905 -7.150982797270753 0.8194665000004007 0.0017953954469111875 -0.0009992288112832442 0.00540477899909359 0.9999832830907439
76.622 3.7161448465613276 -7.150642429365751 0.8197791151568701 0.001395062262827176 -0.0017083881424645347 0.004737429906026578 0.999986345891344
76.818 4.027770040631929 -7.147182634048812 0.8194346521619948 0.0014115001850161164 -0.0012467249279081423 -0.06690900704460806 0.997757304218058
77.024 4.336446469545739 -7.157547821873343 0.8232632938388971 0.001839384896765276 -0.0020806733733721113 -0.12166360734581971 0.9925675060715604
77.229 4.329684941440876 -7.195021435474404 0.8519081384764593 0.0074372978040595766 0.001397032497937185 -0.056450724705949466 0.998376707752012
77.405 4.216112930556496 -7.234312025912322 0.8243435814797485 0.00026181627679836044 -0.0036111015919855723 -0.018621084656106204 0.9998200571121585
77.619 4.211136872021884 -7.235851220258998 0.8240523582075986 0.0010882378477508788 -0.002820696644038819 -0.013511298491034022 0.9999041475171084
77.809 4.196802321672768 -7.245410662191279 0.8254452105627681 0.0016134028544833193 -0.0025644241634088546 -0.003445978529129903 0.9999894728905481
78.005 4.173804429830714 -7.2463919631825595 0.8266885682528997 0.003615367922888414 -0.0014658916353934264 0.003840547468857061 0.9999850151235442
78.203 4.146401849531321 -7.243693009757458 0.8237499011105678 0.00018237272789863122 -0.003701159412797997 0.009088223700864203 0.9999518350146432
78.411 4.104163230701857 -7.245203374258954 0.8239797539427356 0.0008492293797994325 -0.002950714465791221 0.014407810707510366 0.9998914876546446
78.618 4.052711047960141 -7.249778558579285 0.8254811926604444 0.0024397330161864054 -0.0018055973967663428 0.020740741169575628 0.9997802804499533
78.81 4.001057428326135 -7.25597253541169 0.8231800134657531 0.0003949413990623069 -0.0035597105686757655 0.02596639161098979 0.9996564004640112
79.02 3.9959152441257912 -7.25782730849685 0.821131713750336 0.001064323813655622 -0.0021937728202199246 0.026479903898035746 0.9996463721062484
79.22 3.9947041134002155 -7.256792092479176 0.8211108688479014 0.00037937334862185823 -0.0028984537249221566 0.02644296695402097 0.9996460496298356
79.409 3.994594116188519 -7.256755038210148 0.8210985861969261 0.00033168685340052883 -0.0029553099928614044 0.02640633816242895 0.9996468683647886
79.624 3.9945967636426523 -7.256798181448308 0.8210935013615586 0.0003267422207038333 -0.0029509844951996662 0.02636751777131118 0.999647907483735
79.805 3.9945811197038332 -7.256852353999776 0.821086088700903 0.00033188709043336463 -0.002952980516168309 0.02632976583619422 0.9996488949566452
80.024 3.9945574253694587 -7.256877395280052 0.8210925909651348 0.00031638056528730904 -0.0029589852165174176 0.02629119302701316 0.9996498974536249
80.204 3.9945575473101536 -7.256947678472588 0.8210771467393086 0.00032629491609201456 -0.0029525313042307135 0.026248914251024883 0.9996510244036003
80.422 3.9945455182110092 -7.256974515648575 0.8210870292690524 0.0003263553238967795 -0.0029577305107895387 0.026205643763508906 0.9996521442768821
80.627 4.025398428958212 -7.2439805146677845 0.8219638483840898 -0.0002707462646263017 -0.003229164279060718 0.02600974096358982 0.9996564372670873
80.82 4.135044018248751 -7.23817657695012 0.8222752387828757 0.0020459701373191684 -0.0016270573745468075 0.026139968496568834 0.9996548748130505
81.022 4.142945952173022 -7.229766234338734 0.8221177053559405 0.0003283247597184201 -0.003194951038373091 0.02595652195200436 0.9996579132177517
81.207 4.297148567719359 -7.2049094635329585 0.822520828954794 0.0003541000946928779 -0.0033843583561884174 0.026066112672192828 0.9996544295414292
81.427 4.647310410054465 -7.182890688650597 0.8310221982451595 0.0008734267010851364 -0.005577318058679545 0.02772233664305453 0.9995997212385163
81.623 5.108423262887552 -7.169044186371151 0.8474420108646596 0.0015504255451721444 -0.010283306917516732 0.02924528863704099 0.9995181653536894
81.824 5.569471724870154 -7.179295752377908 0.8766801088281855 0.0112340349290697 -0.0057307561381289805 0.03213125378889902 0.9994040911579515
82.018 5.71612037301816 -7.327406314888293 0.9377084430980804 0.004966697380286134 -0.02175134715267262 0.12389017796646626 0.992045076908108
82.215 5.709262249101619 -7.526918766311781 0.8508873161709832 0.0021187656689705763 -0.0044175046473456945 0.2379865126247067 0.9712561023198059
82.408 5.872183063127823 -7.463992557100333 0.8554132647481196 0.004140999942488103 -0.007598629086475733 0.25997646835223837 0.9655761745499833
82.607 6.138608429936151 -7.280375305875393 0.8795239505159336 0.0021689292796069804 -0.015247817723730878 0.2965837139818385 0.9548826631587689
82.815 6.328311424389433 -7.172229770376561 0.9536460184111235 -0.009218526733401379 -0.02160884148268193 0.34077823313052663 0.9398501330313671
83.002 6.522107890086906 -7.1360441495121165 0.9499698267690279 -0.021121720121126782 -0.02427222249108848 0.41367186228047625 0.9098573088742379
83.21 6.871714698933699 -7.123966957029774 1.0481352456654072 -0.03183591778671987 -0.03900387483259841 0.5051912486786312 0.8615375640941291
83.42 7.133574440075452 -7.16161053902603 1.0538473217599977 -0.03479535766216185 -0.04588043963528 0.5897747763069527 0.8055122479367519
83.61 7.345274381583243 -7.234914877493543 1.049629336256639 -0.0377470161307669 -0.04840605887775671 0.6624018353688503 0.7466296436233465
83.804 7.415983371333587 -7.3116948598132705 1.0549165268293552 -0.02558020312057313 -0.04876919515538406 0.6768578257038056 0.7340508855629309
84.025 7.42517179177148 -7.322075525283352 1.0574793852757878 -0.017704359044701398 -0.04856413684489952 0.6772242701076008 0.7339586965630651
84.21 7.41107867988741 -7.307474733635902 1.0532028422056845 -0.030507536235024377 -0.04888678160127678 0.6766038867543677 0.7340889273421991
84.414 7.39151597145509 -7.286253237953165 1.0486799290837534 -0.04411624445227623 -0.04811583164316664 0.6752562075956502 0.7346888306107925
84.612 7.433834767916048 -7.162765439515006 1.0721338020529205 -0.017199377322700438 -0.0498202144810689 0.6753370092635812 0.7356235800786253
84.807 7.439229917662971 -7.114155913211825 1.0740602015517928 -0.012021202590181515 -0.049961867320379126 0.6755555009866675 0.7355161912485674
85.007 7.473038736936179 -7.0149221032424585 1.076575431840524 -0.008758966320278892 -0.05102184340538868 0.6758141372433084 0.7352518642659799
85.21 7.512683085379368 -6.7123558548114435 1.087491079450985 -0.00740566643982961 -0.05419900082464676 0.6765152581887637 0.7343941243310587
85.42 7.540186865036562 -6.247796781706461 1.0973854381307826 -0.015424033861034789 -0.05742744125801807 0.67617684973864 0.7343357924325488
85.612 7.551359516186643 -5.7478945951203455 1.0938025561587588 -0.03639974385982838 -0.057624006021563125 0.6745490190171799 0.7350769711533112
85.816 7.592053759370349 -5.287686668785471 1.112505092648712 -0.02809406602842324 -0.06208060344301761 0.6743301003987829 0.7352792923959636
86.01 7.62889624018493 -4.816875263146512 1.133739386607731 -0.027102696303394267 -0.06621517494028056 0.6739338991223988 0.7353190423716731
86.204 7.668538708971533 -4.358814176364607 1.1710778221472598 -0.023384470924993513 -0.07203727072845828 0.6739570103283975 0.7348780486412432
86.422 7.705736671156865 -3.8984257821273407 1.2152730551417976 -0.024070168288049115 -0.07502228973670289 0.6741706320369463 0.7343611114023888
86.62 7.742895170888814 -3.436635442878819 1.2487721756797157 -0.02298026390668067 -0.07798170002877687 0.6746178513882332 0.7336767111744279
86.823 7.777353629240085 -2.9760467896966594 1.2821108338183889 -0.020271128229125017 -0.07985183560734062 0.6748454110721643 0.7333460553281091
87.003 7.818547976467447 -2.514213113618491 1.3094032797149358 -0.015778873353596685 -0.0774384884058781 0.6744622868464124 0.7340673887941158
87.228 7.871777394376635 -2.0419741589126197 1.3339759985921587 -0.009961320280390519 -0.0691190880256464 0.674998855760004 0.7345065476164659
87.427 7.912062208447601 -1.5732250050873222 1.3587860286367495 -0.004175578075060632 -0.06874551528526729 0.675375535518469 0.7342509820892604
87.619 7.947746386902809 -1.1104206931124974 1.3896379238361967 0.00026412579762304306 -0.07019321495390098 0.6755511799002897 0.733964199499761
87.81 8.003980141253914 -0.636883606028423 1.4101125816376872 0.007254909102803874 -0.056227716918295936 0.6764265409907624 0.7343248223962873
88.011 8.043591619551714 -0.17785194085912112 1.4303917704637015 0.014859700959176658 -0.05998199064700372 0.6772674271513958 0.7331372192196733
88.207 8.077392090617824 0.2558696794018479 1.4922373536361038 0.03229434921058745 -0.06362353625158046 0.6776152143475347 0.7319472261909685
88.419 8.11987164483157 0.6857048444885054 1.5570354776975108 0.05134510130811104 -0.06749142180273796 0.6782599425977689 0.7299123500955275
88.611 8.129158254201268 1.1203061825683838 1.6357624313570847 0.059919716259859576 -0.07098894952814869 0.6784242267929799 0.7287734662764386
88.81 8.137490655178677 1.5538858637794917 1.7042317396456 0.051176660302325906 -0.0749177033445878 0.6752028941646944 0.732030968523527
89.004 8.039462612079097 1.6713041932812287 1.7154522620578918 0.001853258436474523 -0.07609111151448607 0.6615748170520678 0.7460063469060974
89.214 7.968796978973713 1.6499093325202783 1.764361498554149 -0.035176667751611004 -0.06729000846695148 0.6505782718434198 0.7556338855633989
89.419 7.791945573263089 1.363231877520639 1.6811817548929064 -0.01964356202859499 -0.05879155625947769 0.622136763751924 0.7804508508366814
89.613 7.7202895273600385 1.0648916749773933 1.6025347883019967 0.06515300472819338 -0.06263800537075624 0.6003788705867654 0.7945922086271808
89.82 7.608814098376814 0.6569693278002813 1.5117644449784045 0.0451356648340854 -0.05607472652790536 0.5978330360662008 0.7983821502217308
90.027 7.463346468865765 0.23115713626148882 1.4249505294968932 0.02914207482853531 -0.04798715340078444 0.5974918332450316 0.7999071707321225
90.209 7.333738568642639 -0.22431523968006872 1.35810559840784 0.029699221452040014 -0.04370579787239657 0.5975829996449229 0.8000639462023371
90.407 7.204953846584232 -0.6625894142932344 1.3228906021079652 0.026461256824307104 -0.03691176286835239 0.5981078425328267 0.800127697527061
90.61 7.069580626287024 -1.1078164958161523 1.2911325860382736 0.025031850697994688 -0.03424748449860471 0.5979924140694198 0.8003784036139273
90.82 6.925572597614463 -1.562797236646469 1.252739687303344 0.022519776672456936 -0.03746907199593923 0.5976664572086978 0.8005521433548158
91.027 6.7728584967271175 -2.021148766342299 1.206994669496495 0.019237500331255167 -0.04813749467495773 0.5971457264068512 0.8004559210983808
91.211 6.626209038753365 -2.4792227506839946 1.155386351745147 0.018528099611823907 -0.05022866923673231 0.5970874060422647 0.8003876684814684
91.404 6.497699243482447 -2.924892106286299 1.1090773374689682 0.018618806945212677 -0.04470309112224527 0.5972575881936987 0.8005862520785
91.627 6.440977755804313 -3.292876510545298 1.0746995373565726 0.01714490802300419 -0.045357222089634594 0.5966433298200198 0.801040268347649
91.804 6.4397803877162945 -3.493526635554681 1.061386488614134 0.01515818211442683 -0.04331791672167322 0.595425535212872 0.8020986345969832
92.018 6.411754841427458 -3.650818447745955 1.0475665153284694 0.016466824378326386 -0.042671733960713686 0.5579358904208839 0.8286226577857587
92.207 6.413917312147931 -3.708600455164377 1.0464057250933536 0.015454064100739443 -0.04182540137873867 0.546666676131324 0.8361622766603429
92.411 6.384742450564986 -3.728338760150902 1.0482945060823474 0.015501602929667657 -0.04140636427274112 0.5045887040228025 0.8622270310520962
92.602 6.2541586242143605 -3.7659031715960465 1.0474592305523713 0.029966887009268337 -0.04656319048767027 0.41504926818137283 0.9081123058062198
92.829 6.068506969317559 -3.7581386329675976 1.0545828187451947 0.018128017350600014 -0.04075760239138289 0.332410976486848 0.9420791556686214
93.021 5.808001098255389 -3.7346169228171044 1.0411992219490016 0.02326384138248127 -0.03811154180110535 0.26367089168537033 0.9635787279426186
93.203 5.426847467083076 -3.8077272880422814 0.9969856749767265 0.023620221875845535 -0.03020632052833265 0.2358565193214968 0.9710310837518147
93.41 5.085272410418905 -3.9453248277064707 0.9889328869869465 0.018446992550617384 -0.03300422530013357 0.23496618369515457 0.9712678940940602
93.626 4.857074728359888 -3.9948862769580424 0.9754734313771611 0.026398521503997404 -0.02151049935234636 0.23784325235996884 0.9707064457326159
93.827 4.474386497153329 -4.197484636385238 0.9634293574461442 0.029871883256066288 -0.010953248158682486 0.23993773546721991 0.9702667571572122
94.007 4.0522262453772395 -4.416170363522191 0.9498030891818212 0.027399804714019243 -0.00915397214231857 0.24027530403118544 0.9702748238351713
94.207 3.6345032790167595 -4.6315222590253695 0.9351542175036985 0.024022301697232025 -0.008314463889377923 0.24061275032074494 0.9702882577329721
94.414 3.2117679895443527 -4.845985169352115 0.9156935095499659 0.01855835223879932 -0.009117573958972334 0.24072604806136738 0.9703728289642284
94.62 2.7852776254946336 -5.059363119098807 0.8988593369994518 0.011444498402094709 -0.012243367156709014 0.24096319558144166 0.9703895412627707
94.824 2.351373604046402 -5.271349984213297 0.8796528154805102 0.0032461608396411796 -0.017899569852589718 0.24107706172847268 0.9703354668089083
95.026 1.9457637761680366 -5.488639940596324 0.8576545244199213 0.007864077882483816 -0.006852501386084481 0.24072414787600474 0.9705375232999409
95.223 1.5354106471994693 -5.721516335020828 0.8605737391576644 0.00700775295464273 -0.004714321948189028 0.21902450527655723 0.9756828033000554
95.406 1.2241343040751296 -5.877498782600508 0.8365795825962001 0.0021718784254826347 -0.005349362427144035 0.18121481358563588 0.9834265903476737
95.607 1.107328944196852 -5.927042338384505 0.8338816801832376 0.0013824179319338506 -0.00542120592859141 0.16349648788128954 0.9865280522607681
95.802 1.0006876392784194 -6.019706325994358 0.8266163254505099 0.0039709923366048235 -0.0005264930424361618 0.16314462420343406 0.9865940328313664
96.026 0.9233756873418177 -6.0658232696327685 0.8241754397639677 0.0010935322890329802 -0.0038400829056621545 0.1630243669130195 0.9866139638901428
96.209 0.8692927803982559 -6.121496874451076 0.8295503391626041 0.005655572158772863 0.0008084488804672575 0.16433836633311458 0.9863874807928816
96.404 0.6248583533275108 -6.274432699890275 0.8223566679406771 0.0035400816051936795 0.000493545679528554 0.16467915263039692 0.9863407123929465
96.614 0.20366336488881973 -6.425105764028709 0.8155660208221385 0.0003142531188263258 -0.0013995110711661257 0.16467663998331666 0.9863465652890692
96.829 -0.24294568897964808 -6.580701007475658 0.8114018932629717 0.00013366223523835627 -0.00022678929353951317 0.16476391394902265 0.9863329982116701
97.029 -0.6873019987491803 -6.733095443431259 0.8102184565822788 -5.583031683079727e-05 -6.929866531386657e-06 0.16468014254047642 0.9863470218375483
97.21 -1.1364179972870154 -6.8864784624082995 0.8120140903389085 -0.00038130309515435075 0.00010445892121957719 0.164581299520796 0.9863634419139478
97.405 -1.5806098606831043 -7.038494149960882 0.8126381240259479 -0.0004645797845605842 0.00038748622963753515 0.16449910416572056 0.9863770469494518
97.6 -2.029467185887617 -7.18906031287512 0.8143903653141014 -0.0012545977563051612 -0.00014180716832604414 0.16432073831107447 0.9864061540948031
97.808 -2.477049528382055 -7.341090808113837 0.8153845910921877 -0.0015024796836242342 -0.00014187497449603327 0.16414633943716347 0.9864348441106852
98.024 -2.925472299255826 -7.491366937273362 0.8181202878082631 -0.002060724856180391 6.916009472861973e-05 0.1637959863273179 0.9864920797923364
98.215 -3.3753528097745864 -7.6368082906672505 0.8254233934703241 -0.003944832682528276 -9.168270679208969e-05 0.16350643907898726 0.9865343756145032
98.409 -3.8207405090856965 -7.784404933607775 0.8335752603989511 -0.0037923286073459784 0.0023282271675628234 0.16318835326132158 0.9865848969864927
98.608 -4.261763270428781 -7.92794075346832 0.8460355635388818 -0.0039580817599777695 0.005804079437833394 0.1630622965595547 0.9865907630276013
98.803 -4.701962752597751 -8.068656951542707 0.8650065414630672 -0.005062490560475354 0.01029741622187062 0.16335093114622434 0.9865012963509678
99.02 -5.140723292273596 -8.206164669434939 0.885419971749381 -0.004969621942284661 0.016813832050984988 0.16346471530054973 0.986393372220851
99.22 -5.576072761928075 -8.342467020727872 0.918731171418786 -0.0077114859545636925 0.021098675611594515 0.16366656891952353 0.9862599216686848
99.418 -5.8097001058582824 -8.32105563539485 0.9229552245476119 -0.029143824195675648 -0.005900403661740889 0.08894430694781216 0.9955926541560326
99.624 -5.92474046880821 -8.259059354003895 0.8707076568664442 -0.008016481281959175 0.009447556964847217 0.02149003312129415 0.9996922817405853
99.81 -5.862104277236288 -8.184532472101862 0.8553460961716874 -0.013394222668216573 -0.0026634275542992245 -0.0641587428608924 0.9978462590335684
100.02 -5.725774651711518 -8.111171882604102 0.8657312461248391 -0.008018601674347954 -0.013741302122388353 -0.18094632759251014 0.9833642789800499
100.203 -5.610065829329173 -8.052960189359101 0.9042253477594157 -0.01979239697219953 -0.006807345991475838 -0.29916439468175304 0.9539720048394227
100.407 -5.600948300899984 -7.9906090587739005 0.9312330043697358 -0.03271375635280531 0.013478251669263752 -0.3515966195263672 0.9354827438359621
100.617 -5.6157232073865355 -7.9757645738403795 0.9012166172771303 -0.022874534263433072 0.01116986977817547 -0.3528036371841392 0.9353510481530516
100.821 -5.612312672746483 -8.020025606542289 0.9175857829096424 -0.023934733336625484 0.012823744395710266 -0.35894151894650445 0.9329649865328035
101.016 -5.596995535487456 -8.130606272872225 0.9583920015674835 -0.037283688894315985 0.018736914086522657 -0.3672778045193853 0.9291748322572918
101.207 -5.5148606543883405 -8.288326978415375 0.9612142675595496 -0.034924434559247194 0.019439243721047734 -0.37783015440952583 0.925011769705199
101.412 -5.428982939380798 -8.440572154915772 0.9825564538506789 -0.042129746683744515 0.023017694154110233 -0.3861783705352177 0.9211739989442578
101.614 -5.221824805621162 -8.625295094528663 1.0244999236702803 -0.06048402769173107 0.024521080377274924 -0.37931734676952084 0.9229619436634688
101.808 -5.117544622457647 -8.675392635730573 1.037890082647258 -0.06421796424449137 0.025974722513132594 -0.3808687729412081 0.9220305551644792
102.003 -4.950406874519309 -8.789433692848434 1.0791102955346352 -0.07582553884894276 0.029574198306500984 -0.3786076737710801 0.9219718454564904
102.221 -4.664620347718625 -9.00846255312758 1.1532266300716965 -0.07901844668863846 0.013472409250364914 -0.38013265382913275 0.9214519763746379
102.407 -4.406163624340382 -9.210370905529977 1.2038103396013813 -0.0927082268701637 0.009342323088531217 -0.36548701014358465 0.9261409995709092
102.613 -4.057027491424686 -9.361223089509954 1.236025547589019 -0.12073813560395842 0.04143480093383178 -0.36529210086819996 0.9220993118562397
102.817 -3.751952027091218 -9.506929210717715 1.3192546666689164 -0.14012985386821067 0.05237798967365312 -0.39431873201465567 0.9067154503122655
103.012 -3.5051328658621776 -9.555823977516095 1.2979347418065845 -0.12680792801977192 0.04633772682714268 -0.45115716584568927 0.8821733254694969
103.209 -3.381440398685966 -9.517997029662222 1.3030887556971475 -0.12499650470691075 0.04895441054580165 -0.4885030394305617 0.8621740659323218
103.402 -3.367185405285435 -9.37199945598723 1.289975013062551 -0.11161574343558309 0.04181115384540159 -0.5517721412660531 0.8254339812208562
103.6 -3.3877791033865323 -9.128562061580258 1.1527283477263768 -0.07003030830345323 0.002669551492207392 -0.5952006940242734 0.8005153110633031
103.815 -3.4729753624029094 -8.787926964924171 1.0287067323683527 -0.035946294695956706 -0.03146078497366248 -0.6093442458734614 0.7914655222606827
104.02 -3.5635340971900016 -8.42346712262371 0.9450669661176726 -0.02348754302566944 -0.017392573679664656 -0.6098171485540086 0.7920030801915312
104.226 -3.675316027231498 -7.983000192211575 0.8793962157637293 -0.012193716554999985 -0.003934157979387422 -0.6099694880597373 0.7923213106522577
104.409 -3.777592860462264 -7.503907767735236 0.8334029564217962 -0.002899096898227899 -0.005405969152522726 -0.6044921198854039 0.7965875016162048
104.606 -3.779594045017321 -7.083437494179264 0.8156703719888075 -0.0005857883011558858 0.0010548503638101415 -0.6020812770495343 0.798433892046911
104.824 -3.76856769197756 -6.897496348191132 0.8206136456631987 0.00204894410792455 0.001985463214210236 -0.6015390557656812 0.7988382966235408
105.025 -3.746505557836247 -6.818250594439747 0.8257620447878525 0.0009206564581217215 0.0033768687789336735 -0.6002868928073737 0.7997770911151462
105.215 -3.6188555700216964 -7.205958253747532 0.8125738156318869 -0.0006154735887756913 0.000431061719947635 -0.5892418970906579 0.8079563243709758
105.413 -3.5899663016565206 -7.530745862265986 0.8447389469685398 -0.006631209152703092 0.002598737065763716 -0.5519952517309836 0.8338168358202441
105.611 -3.5837286098145396 -7.738841730612471 0.8595234506471585 -0.011849133977315547 0.005719141543757569 -0.5405669845339117 0.8411980888446572
105.816 -3.66565830623348 -7.684384372148885 0.8743168814592506 -0.015591445667265497 0.009282726402052644 -0.5488255095334814 0.8357399702645938
106.003 -3.758577196347367 -7.573800046095357 0.8462526149628873 -0.008213054224771171 0.006092857850171124 -0.5543818951086497 0.832199577745183
106.21 -3.799486482625516 -7.537959386827734 0.8468400664485336 -0.007094369963304758 0.006484036617639158 -0.556773805815908 0.8306085457911172
106.427 -3.922893632628515 -7.413420578324925 0.8472027576749865 -0.0016306063332466184 0.006859782555042336 -0.5639020340373365 0.8258115889928153
106.607 -4.045872318346829 -7.232113346063049 0.8549107159493448 0.0039979598482244305 0.008592117907493355 -0.5708045124936748 0.8210313029012805
106.807 -4.163965646124569 -7.001197279283125 0.8682148804882796 0.00817746652877948 0.011537007640257196 -0.5773180349081896 0.8163969090250316
107.013 -4.246099098406285 -6.7981921037180975 0.8978906449197036 0.002909686478614628 0.016650997668059893 -0.5816072032958441 0.8132941282682674
107.211 -4.238635971175824 -6.831708966208189 0.8796220830793905 0.008508623497087593 0.014193649861511198 -0.581584663771399 0.8133175409984112
107.409 -4.238427260966051 -6.832102454466882 0.8790960353233435 0.00940031014596959 0.013717230471851803 -0.5816632170927224 0.8132597209002094
107.61 -4.239324250624833 -6.830897180768807 0.8889795054658138 0.006077267761619275 0.014869919874461755 -0.5816571011113041 0.8132754570416316
107.81 -4.240455174999071 -6.832042451597083 0.8707327942829399 0.009682675942172312 0.014105845670912626 -0.5818935705519804 0.8130849546355996
108.014 -4.240013705510955 -6.8327023117142405 0.8706503618421605 0.009670491670578216 0.014088888146185127 -0.5819225725454309 0.8130646372729301
108.215 -4.2395678997206145 -6.833348441860146 0.870569014319844 0.009656703361550808 0.014068370453861974 -0.581961188396656 0.8130375171127785
108.419 -4.217152210919504 -6.854793306809658 0.8889486459607269 0.006512426147188932 0.013958162109609033 -0.5808981158722476 0.8138305333374216
108.615 -4.1742738585684735 -6.8923180057519575 0.8703220133255184 0.008506553200155963 0.013173621812095034 -0.5787927367482536 0.8153239001332365
108.801 -4.16606864393759 -6.898599500727463 0.8642613108242038 0.008959344552574168 0.013162852255905499 -0.57841965670439 0.815583944302273
109.011 -4.067491265846113 -6.988290582605394 0.8619898865193677 0.006199579466617769 0.011969215256257673 -0.5733213965177753 0.8192196771290922
109.211 -3.9368101597471665 -7.187154347547205 0.8548898410113193 -0.000705473753748486 0.010115620438733245 -0.5678660100290662 0.8230585466317633
109.409 -3.762455097614189 -7.566374501749028 0.8355759648169948 -0.006192648935749615 0.004104072349361358 -0.5744072637173494 0.8185359509991343
109.603 -3.6147662498419395 -7.973516912276801 0.8721008251698539 -0.011524914588575783 -0.007973504019842684 -0.5750674080803871 0.8179859874967768
109.811 -3.4886632640473603 -8.378518604952022 0.9784637762761448 -0.0375316066667023 0.010820080656962256 -0.5914872758803884 0.8053676842456433
110.024 -3.4574722143180128 -8.728245664428258 1.0142816428994954 -0.03337394707334921 -0.030049582609761243 -0.6047288934722954 0.7951642394131527
110.215 -3.3070686685980846 -9.061478751258598 1.1817116782003476 -0.04120847788934444 -0.04792730195864411 -0.6167638619268344 0.7846063813773789
110.42 -3.3846175741661377 -9.219403394474314 1.384541508867743 0.00867375516959303 -0.09435973197874031 -0.6154135192939045 0.7824878319964147
110.624 -3.427680864090502 -9.347087683199813 1.3527195736578719 -0.008364161729252959 -0.08312356097761699 -0.619327672031718 0.7806751879397348
110.804 -3.4012750674076186 -9.478316427083262 1.2025293442711753 -0.0641161720223298 -0.03337806744159406 -0.6293995227397288 0.7737126481285344
111.011 -3.275437526786334 -9.71178678168859 1.259704640842179 -0.07084687545200348 -0.02968135156326081 -0.6577396017682187 0.7493185930389364
111.221 -3.2110331737457667 -9.864218111027334 1.2800335723001668 -0.07818784342497956 -0.03596708026079018 -0.658212177106648 0.7478968914139109
111.423 -3.186597976421607 -9.922101229912187 1.3089847383140853 -0.07949287184074494 -0.03722034177242496 -0.6572646621506583 0.7485310236542209
111.607 -3.1883474419460613 -9.791622614311123 1.3147665255004521 -0.08544987064223336 -0.029920086591286647 -0.6575916059529476 0.7479146928666524
111.802 -3.2185341564768923 -9.64446228836481 1.1896832613898862 -0.07402354871429988 -0.032236411163811526 -0.6590691186627 0.74773606630695
112.011 -3.2473351720452674 -9.398160111818843 1.1847810052065375 -0.07199653285400599 -0.019265960194159364 -0.6593880860883521 0.7480993743878812
112.223 -3.3210461964232016 -8.980787749945032 1.0805810884275604 -0.04831023554786486 -0.02085107908273075 -0.657400277000282 0.7517022212567607
112.403 -3.4351874104749687 -8.519258206332642 0.9487532954892534 -0.023308952380220637 -0.02242259147676805 -0.6582892882267529 0.7520698991026815
112.605 -3.4987850599479797 -8.063620239804347 0.8747802761215944 -0.01116244765966818 -0.00943335628073219 -0.659051106453361 0.7519561494090776
112.82 -3.533600514144774 -7.609753029676228 0.8277447295345015 -0.0038397288543220187 0.00012814410095505387 -0.6597011275114388 0.751518238249446
113.023 -3.561184735198653 -7.19973339212956 0.8107764431921848 5.489449495525871e-05 8.058023378992404e-05 -0.6525050074278198 0.7577844058668938
113.2 -3.5687239756221945 -6.842579533043759 0.8100416473411414 -5.8030747308368414e-06 -3.350781493083976e-05 -0.6403597891054256 0.7680750870457951
113.406 -3.568671696530608 -6.673727679471255 0.8100248698625687 1.494830076163005e-05 -8.076659419590852e-06 -0.6402451458666503 0.7681706535044849
113.615 -3.567542329308479 -6.5931604073708305 0.8100206205297145 -1.6097239840306835e-06 -1.2697580126640383e-05 -0.6184011778873839 0.7858625726064807
113.802 -3.5661202923416315 -6.5815615117231125 0.809965845280285 9.362139667232525e-06 1.191208043397244e-05 -0.6134319010717052 0.7897476195076542
114.01 -3.55768293257137 -6.578634882243627 0.8099883228077385 6.926693452426164e-06 1.7229988306266863e-05 -0.6129635380656503 0.7901111951220463
114.22 -3.5355506000379795 -6.570453837012512 0.8099776407487389 5.445757966855374e-06 1.549966587965006e-05 -0.6118052921774345 0.7910083970437913
114.413 -3.4988690806270055 -6.556367487556582 0.8099692870870958 6.969661589385515e-06 1.3538405747226924e-05 -0.60988977316122 0.7924862549984645
114.604 -3.465356499072904 -6.544360755745591 0.8099728160269378 1.973472198084264e-06 -5.002453135228339e-06 -0.6082727119172472 0.7937281070416485
114.822 -3.46297263957407 -6.547852712094564 0.809994623095813 -2.4265887924050048e-06 -1.0663567717337951e-05 -0.6305802145152462 0.7761240834701022
115.022 -3.4570360983426287 -6.5529768335031235 0.8099950317061902 -2.821113897898903e-06 -1.0672455702469875e-05 -0.6441056323289347 0.764936555722292
115.206 -3.456254898025171 -6.551678088556414 0.8099775423307729 -5.685522226784745e-06 -2.0828497119486897e-05 -0.6555895786883978 0.7551174106382516
115.419 -3.4565851826182072 -6.546206965507913 0.8099818273066183 2.189809687776978e-09 2.0214248847222225e-06 -0.6498694040295587 0.7600458918395522
115.606 -3.4566663336030494 -6.545859290844262 0.8099552080493548 -4.1018470561416085e-06 -9.074361521322181e-06 -0.6491922396242944 0.7606243724154674
115.821 -3.4530239749663534 -6.543703290017796 0.8099463191373384 -1.469883900599299e-05 -1.7285005953766598e-05 -0.6210439347693189 0.7837757527325113
116.004 -3.4359556131449005 -6.520292517036699 0.8158637812734771 0.0012116338067956931 0.0010996518226110016 -0.5992191554701015 0.8005833663192644
116.225 -3.374485474908365 -6.641486906335301 0.8171152567810079 -0.0016850070690620595 0.0012535654902587781 -0.5938632254728622 0.804563272064856
116.434 -3.287519252593496 -6.9403385305965095 0.8099768405368131 -1.8285408433943135e-06 4.482002273707506e-06 -0.5753605743842188 0.817899877381596
116.601 -3.255750390514627 -7.003548047038747 0.8124716441694771 -0.00043648243488301916 -0.00048550704278093704 -0.5784086133111536 0.8157469275537996
116.814 -3.2558796433347257 -7.003222492901479 0.8123034031280073 -0.0003668787767996203 -0.00046357994554009787 -0.5790955952722746 0.8152594323464446
117.022 -3.2518269780383946 -7.00320844107714 0.8101595876643441 -7.215551669492216e-05 3.367925964883455e-05 -0.6100796949757229 0.7923400529050754
117.208 -3.2514291423771944 -7.002158969813597 0.8101997086875261 -6.018852045323068e-05 2.9967366234305963e-05 -0.6107820827698223 0.7917987388513933
117.418 -3.247752231481748 -7.000179950740427 0.8102513785505753 -5.351788768117348e-05 -6.183834229776544e-05 -0.6331575416267794 0.7740229459085746
117.622 -3.2379086125097034 -7.003863146686616 0.812650671966423 -0.00041021132557203055 -0.0009860791142048211 -0.6409947477920591 0.7675445216257124
117.811 -3.1702493657998136 -7.122701453896159 0.8107057377879403 -0.0001614292901712421 0.00012910731556293884 -0.642743146371132 0.7660817221842741
118.014 -3.168719894819109 -7.159159459017584 0.8115171747378841 -0.0002715242526705259 -0.00019078788782683775 -0.6429876003944949 0.7658765145984643
118.209 -3.108003483970953 -7.253009725035178 0.8103160214508599 -7.640257296522467e-05 -6.34976635756567e-05 -0.6441031456039065 0.764938643260913
118.417 -3.0252600635815403 -7.547186579385767 0.830643384900531 -0.0038703227850848563 -0.0023593601266415154 -0.6445839361668438 0.7645201130493495
118.624 -2.943036347241322 -7.967770582886333 0.8638626635286918 -0.010158238955929592 -0.007921652075720263 -0.6456759022548987 0.7635029055982877
118.801 -2.8277385020267145 -8.37955205963493 0.9375621813766593 -0.023905401944324365 -0.002840316741413738 -0.6513294300037726 0.758413105088282
119.016 -2.808878293680523 -8.680989952147415 1.0523083102639852 -0.03572142992715217 -0.048869811427166676 -0.6505766661606878 0.7570242548441087
119.21 -2.751171286622406 -8.910288114830477 1.0337780394293534 -0.043262277143556696 -0.01901356906788102 -0.6523851948889375 0.7564128615097564
119.427 -2.7259226551705185 -8.940974369272235 1.0522031716980325 -0.047443915076997405 0.0015737612700015115 -0.6496066032321091 0.758787097435686
119.623 -2.8234058212278357 -9.034641680425862 1.0573451443375357 -0.045043517541096034 -0.04488494124542925 -0.6319888823814412 0.7723642120937353
119.802 -2.8321197773556785 -9.026896806660591 1.0781808257499177 -0.04219184073813111 -0.044599876072280116 -0.6273214934062284 0.7763365530103842
120.022 -2.8451461842042374 -8.97357689995301 1.1040326035310342 -0.0511943701303473 -0.031302743776014 -0.6056120731315966 0.7934943551004631
120.214 -2.8463751756651776 -8.838228522614433 1.0642993930862463 -0.04885073715923871 -0.017555215524207943 -0.5738700336858334 0.8172995805237624
120.4 -2.8868918788485636 -8.906028233366397 1.2537160228493704 -0.07184794643902744 -0.02984666012020123 -0.5487080568122641 0.8323860389635768
120.605 -2.9342544434698143 -9.013010227696517 1.2050836799162148 -0.07301521227749892 -0.012136210343812816 -0.5482493348721198 0.8330331073773964
120.826 -2.9512205091102794 -9.063325232699508 1.1756122004797556 -0.07688851366593029 -0.004133002250740595 -0.5135957533067974 0.8545703463986231
121.01 -2.9653257536288655 -9.048479378238573 1.1869005914263446 -0.08041899004147972 -0.0021284965047809476 -0.4617921338003373 0.8833324859323746
121.223 -2.9899003026415745 -8.971045259141869 1.1482505984983296 -0.06817706472131947 -0.006460615334028657 -0.47092292067579833 0.879512223381612
121.406 -2.9911916291055056 -8.95373430951467 1.162339619058288 -0.07389013211795945 -0.007791155005082525 -0.4688987982144467 0.8801212776159458
121.601 -2.9847534339393693 -8.906229472599723 1.1282637776108673 -0.07198015237956126 0.010371057482412288 -0.46159165828323695 0.884106577191598
121.8 -2.9696274228849604 -8.890013474833744 1.1528336808477806 -0.08399864089066664 0.019839349209367342 -0.448450893144459 0.889630499133998
122.01 -2.9801317165091823 -8.804160580588372 1.111566918039531 -0.08156987802037721 0.03663627844925613 -0.39228541545905393 0.9154869146630371
122.222 -3.05901929122675 -8.651598197842686 1.038486355426443 -0.06464659470829719 0.019050692012530922 -0.30600974084722543 0.9496398935560145
122.4 -3.1463298236943844 -8.411972389149714 0.9430447156166664 -0.02736722531117329 -0.008095878169721292 -0.19630922873222956 0.980126613479088
122.613 -3.1994960269686445 -8.109110301150931 0.8565755553139524 -0.0021380087782421828 -0.011390124225813453 -0.06267398020116643 0.9979667660770717
122.826 -3.2008203340384824 -7.846819411136108 0.8230880764680448 -0.0015659344749206726 -0.0023898594610480533 -0.008187959196598291 0.9999623961655617
123.011 -3.191660514918698 -7.777030294874145 0.819921410876959 -0.0028162413435530408 -0.0002088428470913155 -0.005084592849592929 0.9999830858994136
123.209 -3.1919972129254495 -7.77718659379177 0.8199583157504582 -0.0027031054709799984 -0.00037219592501338704 -0.005045045830386259 0.9999835509665024
123.426 -3.1918765894908976 -7.77704068997608 0.8199242992128102 -0.002782235442432644 -0.00025609142572674586 -0.005007108975339241 0.999983561086298
123.61 -3.262640775964938 -7.772694004084347 0.8200427591940439 -0.00296633755595056 -4.692901393667903e-05 -0.005005054928769198 0.9999830738889194
123.805 -3.332021006646175 -7.772790224661498 0.8199940228179895 -0.0027825913206962006 -0.00035468871661999997 -0.005030496905668788 0.9999834126035982
124.024 -3.3851141027974108 -7.769217157737865 0.8199350843678009 -0.0029179283209359633 2.656283722151533e-05 -0.005061028628208311 0.9999829353433758
124.215 -3.6269338783432956 -7.764930126891883 0.8194394009371223 -0.0025571477562109112 -0.0006111992560767578 -0.005083547767059236 0.9999836223523475
124.401 -4.054397177017926 -7.7606376987027454 0.8182697132470133 -0.002347532613827159 -0.0007084665520466474 -0.0051307759608358325 0.9999838310211878
124.623 -4.528341539494683 -7.755080404926785 0.8188092970800859 -0.0026766661681547534 -0.00017906768679795476 -0.005231338103711379 0.9999827180979841
124.815 -4.997124914725812 -7.750784151213727 0.8187081710257669 -0.002281152411541274 0.00028504966220580386 -0.005224304851955272 0.9999837107319194
125.014 -5.470283983865906 -7.743333625579082 0.8204902723084482 -0.0029683508191535044 0.00013917117421864187 -0.0054467279236292635 0.9999807511546034
125.202 -5.942933452214098 -7.736020069472266 0.8223606446241534 -0.0034626308983568372 0.00023423981897983527 -0.005671285921228942 0.9999778956731836
125.402 -6.414489735563275 -7.728187804009323 0.8260961292751217 -0.003767995899293699 0.0011159814236205157 -0.005929631700067782 0.9999746978100329
125.623 -6.885847873944926 -7.715717141752868 0.831510990948037 -0.006191529934939714 0.0006159040625887778 -0.006221587379865397 0.9999612879855526
125.808 -7.361288249528896 -7.699177164273227 0.8378355019490813 -0.010238020731781311 -0.0009842739995240576 -0.006482437890344398 0.9999260933364962
126.015 -7.831229875412335 -7.6907703103252 0.8448367446718733 -0.00883789836370321 0.0025822016864637557 -0.006649698028013473 0.9999355005714617
126.201 -8.298231108250699 -7.678807924778952 0.8516648139034835 -0.011565578922943428 0.0034058215706220096 -0.006805217745951854 0.9999041587947499
126.413 -8.633608133075805 -7.666604056946223 0.8557908313290592 -0.01676399381684169 0.0007430672388275601 -0.0071235453074251715 0.9998338219247439
126.615 -8.768138768518625 -7.6650282622825054 0.8578334999122074 -0.017466488780288166 0.0008994378504027457 -0.00720812814747035 0.9998210618254904
126.8 -8.77060977485572 -7.664890494933421 0.857845034719602 -0.017459627768754076 0.0009133172565144709 -0.007248928472970523 0.9998208740998356
127.019 -8.770351163391874 -7.66477870146363 0.8578244292459819 -0.017446146063558758 0.0009178026061241141 -0.007291804940597216 0.9998207935458301
127.204 -8.7701192774598 -7.664637065685944 0.8578102966769328 -0.017445281283117575 0.0009103799318623438 -0.007335159336905068 0.999820498292986
127.405 -8.769860244235042 -7.664521159090501 0.8577901842935625 -0.017442907548031357 0.00091162827291883 -0.007380006745494862 0.9998202085428156
127.623 -8.769617892435498 -7.664388934510725 0.8577577026081316 -0.017438274715144947 0.0009096804305902382 -0.007424282892463565 0.9998199633334023
127.827 -8.769370110857396 -7.664253852340638 0.8577541520634909 -0.01742961748071478 0.0009103866726703747 -0.0074684118205904145 0.999819784989005
128.007 -8.769124781398839 -7.664123627280571 0.8577250935313518 -0.017428305597862667 0.0009085359698732403 -0.0075156560619122955 0.9998194555220148
128.207 -8.768869466825231 -7.663997802964036 0.857691801426413 -0.017419400300922493 0.0009129209587057885 -0.007562906589591239 0.9998192504209932
128.404 -8.768602688725926 -7.663872847259489 0.8576776108200609 -0.01739734749520957 0.0009220473730723876 -0.007606626192558221 0.999819294356105
128.62 -8.768366304582152 -7.663717488170781 0.8576574086556104 -0.017402823901541176 0.000915650916166892 -0.007653609032619495 0.9998188463778963
128.811 -8.768131266864977 -7.663557563893542 0.857633864428913 -0.017399197877615395 0.0009123772483117221 -0.00769980024906709 0.9998185578179157
129.005 -8.767892832697845 -7.6634141363152795 0.857606660920943 -0.017387847271132604 0.0009109457801390705 -0.007747237029602788 0.9998183901406638
129.215 -8.816616262300956 -7.6664685270312445 0.8521965557198892 -0.01271132952059453 0.004281208954498249 -0.007564191206664973 0.9998814311522622
129.408 -8.940464166150404 -7.665999997926205 0.8560599035376533 -0.009536171976074799 0.008094106978818068 -0.007286740192437521 0.999895219647352
129.623 -8.99087949215267 -7.65376245405462 0.8590994623063941 -0.013598562537063597 0.00428186082127682 -0.0069354726977841905 0.999874314093172
129.812 -9.217203812390041 -7.665695182370855 0.8692114830358877 -0.0032093032739901922 0.013764916136248837 -0.007112899702503944 0.9998748092206743
130.006 -9.492967277092545 -7.6517426439491105 0.8705374863765996 -0.007286424390410908 0.01289864253618846 -0.006994725586942835 0.9998657944215762
130.201 -9.492167662486482 -7.651108530997736 0.8645321587070747 -0.006921205492942894 0.01372524378740681 -0.007284421617255144 0.9998553154327895
130.402 -9.489683101866888 -7.648121538171309 0.8695069038991152 -0.008446960895023748 0.01367012211099924 -0.008028556407783782 0.9998386464300705
130.602 -9.201324893338821 -7.6532940969964285 0.8510949363352368 -0.010652496172907719 0.0060183615643207905 -0.049532844445115784 0.9986975523002664
130.811 -9.037328586684918 -7.64127834494381 0.8477373141742128 -0.009555120727322262 0.006576807013533396 -0.06094598135404693 0.9980736609259786
131.022 -8.690908532173092 -7.63931871809332 0.8378611027843945 -0.007809960898004674 0.002243424062974361 -0.10678177771329088 0.9942492763425249
131.207 -8.327940728897751 -7.611080517044876 0.8419187803579261 -0.008841211197879702 0.0013824893948024093 -0.1561444769445088 0.9876936893730532
131.415 -7.990861177294561 -7.558294034356462 0.8521303457361714 -0.009398206512112952 0.0003710617503107419 -0.21995431271682706 0.975464830911295
131.609 -7.729587458961616 -7.48995902261495 0.8562877322269405 -0.012140556023820498 0.0043824370689705796 -0.2913673698468392 0.9565241538682148
131.823 -7.576163390188793 -7.418182715642764 0.86034686766198 -0.012282400042460825 0.00580055896955255 -0.3677429004422276 0.929828293470991
132.01 -7.552538725412554 -7.377746893387915 0.8703243924718786 -0.014222452501966684 0.007896065306496483 -0.38144277709300123 0.9242493071683008
132.201 -7.545006506728058 -7.378001768294331 0.8766946933875652 -0.014892846068019753 0.008264148248807623 -0.3819667928991209 0.9240190886080634
132.41 -7.448282068854718 -7.524037847325239 0.8963140908960702 -0.01719313858529481 0.011848001354186457 -0.38996855628220567 0.9205914109748528
132.614 -7.448917001157581 -7.529297013628225 0.9033321766809054 -0.01997809488153479 0.012780209785044601 -0.3898362303650556 0.9205787611375346
132.823 -7.47129012083286 -7.525144846408268 0.901363068305589 -0.019771845314900387 0.013326352203469774 -0.3913805483504524 0.9199199687161334
133.004 -7.511386518509415 -7.52396295308382 0.8899780852921964 -0.016609459589601746 0.012526660161769643 -0.39334411500973326 0.919155925740863
133.205 -7.514128842160924 -7.526479713912433 0.8786080544167894 -0.013145715158182567 0.011219426349568622 -0.3934855400658817 0.9191683438872491
133.421 -7.398263998320703 -7.625107054938601 0.9070624522427405 -0.022503167536248488 0.01315583604629661 -0.3902177333657767 0.9203535472825833
133.617 -7.167225419789424 -7.840322745465622 0.9005963603517277 -0.02681899249622192 0.006083424589217952 -0.37612965415020444 0.926158850767838
133.816 -6.888385693834993 -8.115441835086576 0.9190310670936617 -0.028877657011158808 -0.0008434432492659913 -0.3680766640344011 0.9293465117609996
134.003 -6.570064582737001 -8.409675658685996 0.9592728712639367 -0.03324144883015392 -0.005995274173480315 -0.36605681268454565 0.9299792861427013
134.21 -6.2472734560084895 -8.690895995207123 1.0065581867748528 -0.03981117445834322 -0.010101765172382243 -0.3662670255901074 0.9296028671933112
134.405 -5.95119470967864 -8.908536771853132 1.0758492130848984 -0.049585361117157625 -0.012157939542183603 -0.365136850971583 0.9295528799006142
134.616 -5.757807422870079 -8.936224777350763 1.0589762083592804 -0.05934962332051648 0.00525009297718114 -0.3597784674438879 0.9311334561163459
134.823 -5.811128988473128 -8.647367682039869 1.0292932692388042 -0.05482757160809531 0.027475353537883686 -0.37576372024518157 0.9246840913993428
135.025 -5.941232857388893 -8.310250157191875 0.9967203002876517 -0.04457433859388446 0.024341182272540136 -0.39158792140276866 0.9187380121644864
135.203 -5.994572633929647 -8.12949987763148 0.9784402332674627 -0.033863525615880644 0.024369324505576908 -0.39270540110835317 0.9187175113147305
135.405 -6.014333499579928 -8.057337860041233 0.9910281465765098 -0.03685160685098906 0.027593987715670835 -0.39393663430453096 0.91798391002635
135.616 -6.065658927871011 -7.981888460605469 0.9524665107431645 -0.019685956615489796 0.022716969786893464 -0.39691151210479725 0.917364515312489
135.815 -6.125679741395222 -7.905205336848795 0.9367694007700061 -0.013478619084004599 0.021351833960996304 -0.39726026926084174 0.9173585473962151
136.002 -6.166986268440142 -7.861480406624738 0.9552778004370358 -0.01977187018754484 0.02432668388760142 -0.39708401377186003 0.9172467343126108
136.217 -6.318738366910049 -7.699400796481849 0.9378199120324386 -0.013120719587441477 0.02345342104942316 -0.39629627243556703 0.9177292891764223
136.412 -6.5827621045624936 -7.414127967724788 0.934780769659869 -0.005347964316089748 0.02369286296270652 -0.39584675446981304 0.9179953128954526
136.61 -6.893359182709764 -7.1008522510337 0.9292271386979261 0.0018624051546098925 0.023564970701766462 -0.3942899277913207 0.9186820322860244
136.814 -7.221420872256402 -6.788155812766554 0.9125813826691792 0.006296741790525572 0.021369318283365937 -0.38979544057851123 0.9206319665225253
137.01 -7.557201441844428 -6.472324891488979 0.8953248385165585 0.008082888816766689 0.01898022445537612 -0.38537286751802735 0.9225303089703516
137.222 -7.89380292189274 -6.163673259031543 0.9375099354441176 0.016943485575779564 0.020838646664306217 -0.3847620391299264 0.9226249738362411
137.416 -8.219903421496486 -5.85470980953991 0.9974359044008985 0.027985442316388182 0.026972432518947733 -0.3853532213294517 0.9219502143355581
137.621 -8.527187363491183 -5.558234376956964 1.062596963940692 0.035663232692139515 0.04102944839704351 -0.3858420340258583 0.9209618032127984
137.812 -8.823498334138508 -5.267649665256401 1.1235479700444937 0.04207692123357559 0.059321131716486765 -0.38684556176214185 0.9192720203380018
138.008 -9.102089104662182 -5.014795621380734 1.1853353563577838 0.045246223743102956 0.0845697231012033 -0.3897152389089127 0.9159272753520031
138.218 -9.362885395527268 -4.728478296076333 1.277993688811601 0.04059582882705437 0.114778730049805 -0.3883385012699306 0.9134391223510313
138.422 -9.672537853252546 -4.45977567509482 1.3823051828997817 0.05462508123298725 0.11223651287330079 -0.39133717944933516 0.9117424404177804
138.618 -9.956173527755496 -4.23993085752772 1.4074338198565086 0.0761020773102644 0.10150382912088918 -0.4183110426675341 0.8994005326245145
138.818 -10.163244022579933 -4.130305962547409 1.387165660753967 0.10387388215333361 0.0636010988093635 -0.4579670558415231 0.8805857667487502
139.014 -10.287966424675405 -4.131708601924214 1.4190030811200922 0.12277577233239284 0.006156455093415612 -0.48866773814242215 0.8637662007092176
139.219 -10.39090919799234 -4.196574428900563 1.4063012669272015 0.14285309547853955 -0.04718453831198619 -0.5475168078568643 0.8231597400084103
139.416 -10.478833094440233 -4.281181188958648 1.3630778165737345 0.12459549266896575 -0.04132611356742262 -0.5929762494116742 0.7944477850542816
139.602 -10.475546841433747 -4.316940257623811 1.3337684112048136 0.10800724803077859 -0.004255599055737077 -0.6010720706580437 0.7918514318509163
139.801 -10.393266019268706 -4.337823725548597 1.307196575087731 0.0906789643570155 0.04541855073153533 -0.5969380203554199 0.7958514186245685
140.012 -10.288653960267041 -4.3732753646587295 1.293726136129108 0.0749476428986013 0.10198390103603472 -0.5894894600625183 0.7977996686064845
140.218 -10.248554256544498 -4.383779510147956 1.2787653720464645 0.0732583734463934 0.10106601022353862 -0.5895698399827815 0.7980139573216511
140.416 -10.248391890412151 -4.384267867010199 1.2786185129424035 0.07322877631754303 0.10105381811002016 -0.5895742572827899 0.7980149543171913
140.618 -10.24823029697695 -4.384754222413258 1.278472520748018 0.07319935491253324 0.10104190874453214 -0.5895788163582357 0.7980157933395007
140.812 -10.248079212658304 -4.385240352751857 1.2783083281446301 0.07317456739461559 0.1010276358957853 -0.5895839552630686 0.7980160770111561
141.013 -10.236755643816252 -4.407008477747872 1.270477014842684 0.07600342801086549 0.0969593144358967 -0.5911764943004022 0.797077614076198
141.21 -10.056584175742874 -4.802404095039458 1.2233087328548455 0.0599354308393076 0.06563897071799774 -0.593532889708122 0.7998862284649703
141.419 -9.930168662921789 -5.146994936160036 1.1237001285414352 0.047459828874739526 0.06521810585188834 -0.5981952924404086 0.7972807256007174
141.62 -9.79761646768357 -5.545834082722442 1.0547902073402389 0.03070484541433286 0.03849247823040594 -0.6020902407262658 0.7969083282347794
141.823 -9.745536768759674 -5.8177511358689316 1.014347822976722 0.025847560495448497 0.039535932655151325 -0.5860431055882979 0.8089019050774603
142.003 -9.86566456639399 -5.784008451080042 1.0211205820342555 0.03900709900221112 0.021381274240355602 -0.5603094188911442 0.827088049992961
142.207 -9.903677192494406 -5.758977314622372 1.0283933897658757 0.02923669260289731 0.04048136274661935 -0.5616953095259918 0.8258358519296195
142.421 -10.018377190765918 -5.5522958092068535 1.1311414144250675 0.03326746675292492 0.06404151662964369 -0.5571098781296383 0.8272971313222341
142.621 -10.254057551797702 -5.2178714556805215 1.1701023473828405 0.05331065550464051 0.06134306152561761 -0.5623491540200836 0.8228963675853881
142.8 -10.536887070456295 -4.749617888790361 1.2593740255462835 0.06564362191531063 0.08159765787529082 -0.5732521604084472 0.8126590291863831
143.009 -10.823197402524833 -4.164888569166527 1.4217275741840343 0.08951059052987718 0.10376132788761955 -0.5789506705228362 0.8037646186036985
143.203 -11.155574424450183 -3.4744173986807234 1.5061844600303558 0.12628952142458924 0.08842677517836299 -0.584004968308156 0.7969754445409803
143.405 -11.469106014432736 -2.644645647294859 1.6648937935310308 0.13552124439911453 0.07740335533835414 -0.5903460946173433 0.7919180522433684
143.606 -11.791957218726568 -1.7926854255678577 1.7505233147110926 0.18053520511682125 0.049949560964826153 -0.5873824178399357 0.7873334593965633
143.801 -12.150132083918837 -0.9451583619757279 1.9169274220059382 0.19696109153272803 0.026891724642204958 -0.5889662800039946 0.7833274440400134
144.01 -12.477443985556308 -0.15310086455838737 2.140159661646813 0.2088407465624669 0.02752413906277346 -0.5909722668640526 0.7787038873292257
144.213 -12.771883303358553 0.6731353453146101 2.3992073417044724 0.21072300061869093 0.029232470457478763 -0.5894165379739351 0.7793134314536279
144.402 -13.031346841496125 1.5318748652770453 2.5735016764747916 0.17273140031039383 0.023703096504695053 -0.5913034174431825 0.787376844390863
144.611 -13.264115997221529 2.4425280334795825 2.6027188968937605 0.10341934784382215 0.011465141219116926 -0.5940439832804826 0.7976745796104083
144.818 -13.435670035444879 3.364071780982115 2.5290259967912037 0.0008667596244185431 -0.00025705359341368053 -0.5883151889731432 0.808631202140196
145.016 -13.538824617894129 4.06457592225886 2.5224728420274216 -5.789878979194342e-05 -0.0007250004893495202 -0.5893649479984439 0.8078665911478282
145.213 -13.538490515751974 4.557101735264763 2.5211034035481585 -1.1273131554932365e-05 -7.583345660411585e-05 -0.5899445649826445 0.807443746876302
145.415 -13.538112054033224 4.841286119132047 2.520998642170737 -5.549623512727489e-06 -8.227280321368236e-06 -0.589819792704867 0.8075348983388281
145.616 -13.53815650919578 4.9295858995387976 2.5210179767319336 -3.883856262229449e-06 -1.3043461401179296e-05 -0.5897754965522046 0.8075672501292908
145.812 -13.538175275337721 4.929669212730651 2.5209896462359684 4.2995020601806114e-07 -6.50857114311519e-06 -0.5897565879509146 0.807581059043579
146.014 -13.538195941872878 4.92977732232944 2.5209930307710327 -7.874523410728239e-07 -1.933013030837417e-06 -0.5897326661783489 0.8075985280062238
146.213 -13.538230186450896 4.9298975827396445 2.5209856278284057 1.6332607259592132e-06 -3.5361596281367304e-06 -0.5897056577254558 0.8076182496894282
146.42 -13.538263120795392 4.930016218146984 2.521000430331565 1.2876841355815384e-08 -5.253312029971156e-06 -0.5896832077234903 0.8076346417169944
146.625 -13.538294238376505 4.930131144469596 2.5210019692031502 -3.866024369724705e-07 -9.843381687208389e-06 -0.5896593807757917 0.8076520380498452
146.8 -13.538304598176353 4.930230628459223 2.5209810773676398 2.3477241777167556e-07 2.1871297570956535e-07 -0.5896344712724102 0.8076702237220351
147.017 -13.538340422039996 4.930324740948344 2.520994162878767 -3.210050283375374e-06 -1.1396294213764635e-06 -0.5896107475175476 0.807687542556028
147.204 -13.5383757831467 4.930437389314151 2.52100800313516 -3.6269437386026157e-06 -1.4938857528424517e-05 -0.5895866810990442 0.8077051103182953
147.41 -13.538395220929036 4.93052471291333 2.5210051594850054 -1.4969905877146327e-06 -8.097640132725914e-06 -0.5895623228085841 0.8077228902641884
147.616 -13.538420731176556 4.930600848812849 2.5210028692480777 -1.6506557714772098e-06 -6.171019905239147e-06 -0.5895386844994019 0.8077401435102186
147.815 -13.53844641683031 4.9306687633455 2.5209881366342106 1.368173077816502e-07 1.0581305203149834e-07 -0.5895177282893972 0.8077554382562081
148.0 -13.538481189446738 4.930748139995694 2.5209952271483247 -3.859658801299214e-06 -4.5579349178593415e-06 -0.5894912639068524 0.8077747518595949
148.226 -13.538508622830946 4.930816937071637 2.5209890861948736 1.5366238782203682e-06 -6.919932333648259e-06 -0.5894678286003494 0.8077918537562399
148.406 -13.538535817969839 4.930888721568622 2.5210036161604954 -2.559283224041209e-06 -7.003962528780538e-06 -0.5894409411410105 0.8078114735822921
148.619 -13.538563532045327 4.930948699633061 2.520989688188677 -2.5242763379253803e-06 -3.92429443534049e-06 -0.5894164763234102 0.8078293244347613
148.811 -13.53859276354437 4.93100743370109 2.521004377621951 -9.168749515778628e-07 -5.244606972215422e-06 -0.589391035618835 0.807847886117065
149.019 -13.53862606279108 4.93107230901209 2.5210006620479044 -2.8294508782597063e-06 -8.127779681616603e-06 -0.5893681099400099 0.8078646117460981
149.219 -13.53865930187236 4.931127308665872 2.5209918164951852 3.0423852233517396e-08 -6.964865709565747e-06 -0.5893395052817749 0.8078854791774158
149.422 -13.538692164584454 4.931186635131134 2.520996010472044 2.3051036933622452e-07 -6.716176486311066e-06 -0.5893128336631839 0.8079049350231179
149.613 -13.53872279561382 4.931247783390252 2.5209931037744586 -4.224427458174024e-06 -5.7071209277738215e-06 -0.5892916203361256 0.807920408302208
149.804 -13.53876101336032 4.9313095504537126 2.5209910014329604 1.978981002355299e-06 -8.106053524022366e-06 -0.5892664069678684 0.8079387981459699
150.026 -13.538781885331657 4.931348154221191 2.520993659000679 6.61907653060165e-07 -7.369321853994964e-06 -0.5892427966798486 0.8079560176805205
150.209 -13.538801168822015 4.931403273479255 2.521000631782695 -3.81592893581923e-06 -3.2065355427163947e-06 -0.5892174228805748 0.8079745222153548
150.415 -13.538834620586787 4.931454987148768 2.5209944591926376 -4.2184864365649875e-07 -6.732181904239031e-06 -0.5891951335581055 0.80799077627529
150.608 -13.538864894659485 4.931497750115731 2.5210007609077865 1.409081934542201e-07 -6.1218642876196626e-06 -0.5891701530299184 0.8080089917452685
150.805 -13.538896680505935 4.931546486938185 2.5209995615110135 -2.7151711145859138e-06 -4.168248342729137e-06 -0.5891448156446808 0.808027466225158
151.001 -13.538931517147548 4.931602868563301 2.520987819348757 1.334315751789987e-06 -7.151746773550427e-06 -0.5891228326590695 0.808043493870736
151.212 -13.538966226207569 4.931651761488762 2.5210029752818786 -1.7370519707824142e-06 -6.093271883730308e-06 -0.589100632445342 0.8080596789918135
151.404 -13.538994733142724 4.9316940182933715 2.521000720718222 -9.949863844199782e-07 -5.998811160118926e-06 -0.5890734836992361 0.8080794705754317
151.622 -13.539037138281468 4.931734628834316 2.5209911294562297 8.410176633157151e-07 -6.863501466576427e-06 -0.5890505558913122 0.8080961839758439
151.815 -13.539072470825417 4.931773440364767 2.5209919889066783 1.5224565190600461e-06 -7.3289820130281794e-06 -0.5890273598430338 0.8081130919000838
152.003 -13.5391067492029 4.931820685010989 2.5209943319035704 -4.134439282368822e-06 -2.4362152923247644e-06 -0.5890015796800908 0.8081318822514857
152.207 -13.539139372573405 4.9318571170471435 2.520980923161734 -3.1799866304774535e-06 -4.103660573962147e-06 -0.5889772914824546 0.80814958398247
