4.582099999999999795e+01 4.485741257667541504e-02 6.254827603697776794e-03 -2.531299833208322525e-04 -4.293267891225754918e-02 6.101408066266197222e-02 -2.500349729463832889e-04 9.972131189093029757e-01
4.600099999999999767e+01 4.591425880789756775e-02 5.379039328545331955e-03 -6.474536494351923466e-04 -4.197717542484551839e-02 6.093376159686562238e-02 -2.981791302077260904e-04 9.972586948882492530e-01
4.621200000000000330e+01 4.477636143565177917e-02 5.934702232480049133e-03 -3.813636139966547489e-04 -4.332504348266207062e-02 6.051227491049014640e-02 -2.537061664878528279e-04 9.972267248853511346e-01
4.641100000000000136e+01 4.626821726560592651e-02 5.388157442212104797e-03 -1.021167845465242863e-03 -4.266618197732457984e-02 6.098114219338100772e-02 -2.846622564182596515e-04 9.972265621109719369e-01
4.660000000000000142e+01 4.633326828479766846e-02 5.473260302096605301e-03 -1.205967389978468418e-03 -4.332949417495758626e-02 6.195798506741403283e-02 -2.261715267039910229e-04 9.971377597239856616e-01
4.679999999999999716e+01 4.641769453883171082e-02 6.637921556830406189e-03 -1.598562812432646751e-04 -4.149841434391504658e-02 5.957761517977246818e-02 -4.544948987002311522e-04 9.973606082109012227e-01
4.702000000000000313e+01 4.619470238685607910e-02 5.747114308178424835e-03 -2.545479801483452320e-04 -4.162080090554372974e-02 6.161968044502935671e-02 -3.823275229117473369e-04 9.972314564530637693e-01
4.721399999999999864e+01 4.712313786149024963e-02 6.188644096255302429e-03 -8.868338190950453281e-04 -4.305534619876429797e-02 6.208164010273602151e-02 -2.896359549175680885e-04 9.971419273287390750e-01
4.740599999999999881e+01 4.725358262658119202e-02 6.466351915150880814e-03 -1.061597140505909920e-03 -4.097907190929376414e-02 6.075010736077995216e-02 -4.779624874958945252e-04 9.973113413939337368e-01
4.761599999999999966e+01 4.719078168272972107e-02 6.659800186753273010e-03 -7.831242983229458332e-04 -4.243363463333158642e-02 6.104868731577386964e-02 -4.229707171474039046e-04 9.972323026880939301e-01
4.782200000000000273e+01 4.803666099905967712e-02 5.730567965656518936e-03 -7.412775885313749313e-04 -4.206880639230317631e-02 5.960743353857510946e-02 -5.130353257826124856e-04 9.973349017207940870e-01
4.801599999999999824e+01 4.813602566719055176e-02 6.315648555755615234e-03 -6.381061393767595291e-04 -4.393856930064327093e-02 6.368677899100125273e-02 -2.472168387706486122e-04 9.970021741166859020e-01
4.820499999999999829e+01 4.831602051854133606e-02 6.811460014432668686e-03 -3.726504510268568993e-04 -3.977065796292510169e-02 6.305548630148084810e-02 -5.581543644927410529e-04 9.972171222337617991e-01
4.841899999999999693e+01 4.942552745342254639e-02 7.259506732225418091e-03 -7.743628229945898056e-04 -4.289294454793633055e-02 6.186998117943868364e-02 -4.126554233190660517e-04 9.971620382126292759e-01
4.861200000000000188e+01 4.937720671296119690e-02 7.000440731644630432e-03 -5.275103030726313591e-04 -4.379424418989569245e-02 5.995443402058251575e-02 -4.631171756368326377e-04 9.972398485517860456e-01
4.881600000000000250e+01 5.453319847583770752e-02 -4.505584388971328735e-02 9.142293035984039307e-02 -2.724316230399284958e-02 7.293906842570155313e-02 -1.076647745098374947e-03 9.969636619428524638e-01
4.900900000000000034e+01 -2.184460312128067017e-02 -4.535405337810516357e-02 7.211096584796905518e-02 -3.415342869142413973e-02 6.799662430293840210e-02 -9.150066537060106558e-04 9.971003786755116005e-01
4.922299999999999898e+01 -1.331647634506225586e-01 -3.088309988379478455e-02 3.279415145516395569e-02 -4.005083874189379473e-02 6.273865956377652764e-02 1.687325485499700708e-03 9.972246205569322841e-01
4.941100000000000136e+01 -3.165111839771270752e-01 -3.675806522369384766e-02 1.343378722667694092e-01 -3.838921483964949366e-02 7.524384593928015730e-02 1.595922723573396781e-03 9.964246508707627070e-01
4.960399999999999920e+01 -6.790633201599121094e-01 5.846321582794189453e-02 1.261021494865417480e-01 -4.385025054785022386e-02 7.377040466595521928e-02 1.161471770389013291e-03 9.963100591209740342e-01
4.982000000000000028e+01 -1.166703939437866211e+00 8.929632604122161865e-03 1.314322352409362793e-01 -4.189040166055228720e-02 6.106282808607819967e-02 3.799420657346128452e-03 9.972472560391010266e-01
5.003499999999999659e+01 -1.460123300552368164e+00 -1.021901592612266541e-01 -2.744209766387939453e-02 -2.926312315987793233e-02 3.022287675115798572e-02 4.682362049945527557e-03 9.991037597914681490e-01
5.020900000000000318e+01 -1.481532931327819824e+00 -1.179707944393157959e-01 -3.795979544520378113e-02 -2.710035594055826280e-02 2.797932508432292992e-02 4.526795203883527373e-03 9.992308222832715359e-01
5.041299999999999670e+01 -1.278495788574218750e+00 -8.772231638431549072e-03 1.409690678119659424e-01 -4.275520885522456072e-02 5.922998118450242128e-02 4.370696090049927887e-03 9.973187546919581870e-01
5.061800000000000210e+01 -1.129113674163818359e+00 3.072140365839004517e-02 2.386786341667175293e-01 -4.436438715900748592e-02 7.619010973084214267e-02 4.385984574097102212e-03 9.960961958920050430e-01
5.080899999999999750e+01 -1.090246558189392090e+00 -2.701441571116447449e-02 1.236613765358924866e-01 -3.921235535440106834e-02 5.626957807102793419e-02 4.765749358041598653e-03 9.976339075053157757e-01
5.100000000000000000e+01 -8.676035404205322266e-01 3.832882270216941833e-02 1.899838149547576904e-01 -4.396542789233134213e-02 7.484367495763473432e-02 2.238100361290599246e-03 9.962230956848235897e-01
5.122099999999999653e+01 -7.235594391822814941e-01 -9.928900748491287231e-03 8.963966369628906250e-02 -4.197311995877520130e-02 6.014048164033224814e-02 1.840308769600861255e-03 9.973053659399550019e-01
5.140800000000000125e+01 -2.245442569255828857e-01 3.162404894828796387e-02 1.697300374507904053e-02 -4.443146317660239680e-02 6.060916517737635623e-02 1.220942860156730382e-03 9.971714413655354825e-01
5.161599999999999966e+01 1.766984760761260986e-01 -1.332939788699150085e-02 -8.541788905858993530e-03 -4.019709657966075850e-02 5.866457364238109734e-02 7.261753139283209663e-04 9.974678610839231574e-01
5.181799999999999784e+01 6.057136654853820801e-01 -1.034695059061050415e-01 3.702392429113388062e-02 -2.458755057052339557e-02 7.082106130607435102e-02 -1.190033627970357635e-03 9.971852453041949449e-01
5.201800000000000068e+01 8.131225109100341797e-01 -9.414897859096527100e-02 1.471107639372348785e-02 -2.204873259917279268e-02 7.092541699412813205e-02 -7.073414794802573673e-03 9.972128185187550953e-01
5.222299999999999898e+01 9.691006541252136230e-01 2.609267085790634155e-02 -8.409293740987777710e-02 -3.002094617638705054e-02 5.667185619389077111e-02 -2.042271974092607634e-02 9.977324070233447584e-01
5.241299999999999670e+01 1.078373432159423828e+00 -5.316112190485000610e-02 -1.303056627511978149e-02 -1.204842616101749024e-02 6.648906263600956601e-02 -2.737729079738395604e-02 9.973387207591124515e-01
5.262400000000000233e+01 1.075400352478027344e+00 9.400073438882827759e-02 -5.096956714987754822e-02 -1.980058815821083770e-02 6.011398708156738546e-02 -4.442217984658747287e-02 9.970059755103896082e-01
5.281000000000000227e+01 1.079710841178894043e+00 3.116784691810607910e-01 -8.737483620643615723e-02 -2.596107575751204627e-02 5.621168290516313087e-02 -7.112416285234114677e-02 9.955438828645554183e-01
5.302300000000000324e+01 1.120382428169250488e+00 5.322256684303283691e-01 -9.233883023262023926e-02 -2.992471585416229748e-02 5.263965220673311185e-02 -1.075414349999287422e-01 9.923549859575241383e-01
5.320000000000000284e+01 1.202395200729370117e+00 7.132554054260253906e-01 -1.074529513716697693e-01 -2.873453416524780063e-02 5.292664081769789253e-02 -1.423312456078676957e-01 9.879852801341594271e-01
5.342199999999999704e+01 1.336437106132507324e+00 1.148397684097290039e+00 -2.064562886953353882e-01 -3.980824950663161554e-02 4.940426073781630650e-02 -2.010504443721922718e-01 9.775240360778407744e-01
5.361500000000000199e+01 1.563891530036926270e+00 1.553971767425537109e+00 -2.686784565448760986e-01 -4.512642623754699323e-02 4.281372174976890571e-02 -2.621868204799652768e-01 9.630102086954046570e-01
5.380499999999999972e+01 1.955982446670532227e+00 1.905000448226928711e+00 -2.693335413932800293e-01 -3.376446863895633810e-02 4.450599589522352684e-02 -3.349560063238006813e-01 9.405762333880828274e-01
5.400900000000000034e+01 2.528875827789306641e+00 2.415940761566162109e+00 -3.797155022621154785e-01 -3.569755954838913642e-02 3.936424980984193356e-02 -4.271576492744642017e-01 9.026142491372000087e-01
5.422099999999999653e+01 2.015139341354370117e+00 2.921599388122558594e+00 -5.708135962486267090e-01 -4.171410942468773558e-02 2.981693997200699636e-02 -5.472886999902463190e-01 8.353717507963728250e-01
5.440400000000000347e+01 1.599202394485473633e+00 3.157767295837402344e+00 -7.289512157440185547e-01 -4.927229815181285999e-02 2.618987948704216279e-02 -6.451792482315370503e-01 7.619908585401021783e-01
5.461899999999999977e+01 2.116378784179687500e+00 3.239099979400634766e+00 -7.315894961357116699e-01 -4.842694054917589391e-02 2.609206002154648013e-02 -6.801512402855903749e-01 7.310050110435984960e-01
5.482000000000000028e+01 2.041271924972534180e+00 3.250201463699340820e+00 -7.023122906684875488e-01 -4.966200486742141512e-02 2.306873004847296432e-02 -6.849537680641110127e-01 7.265258801868484939e-01
5.501599999999999824e+01 2.117535114288330078e+00 3.194839715957641602e+00 -7.172378897666931152e-01 -4.659481560787518545e-02 2.431482664864745291e-02 -6.847700695725998932e-01 7.268615165085099417e-01
5.521200000000000330e+01 2.178705215454101562e+00 3.123431444168090820e+00 -7.884430885314941406e-01 -4.426924719286925991e-02 8.680103592995223882e-03 -6.845934441756550415e-01 7.275278041053181433e-01
5.540999999999999659e+01 2.062540292739868164e+00 2.951436996459960938e+00 -8.281676173210144043e-01 -4.629886572362798547e-02 -6.837973972449590265e-03 -6.830050091478419017e-01 7.289127620117608064e-01
5.560699999999999932e+01 2.153601169586181641e+00 2.476503849029541016e+00 -7.710353732109069824e-01 -4.778904829564876999e-02 4.954151929232306073e-03 -6.837824028503974860e-01 7.281025262926882347e-01
5.580400000000000205e+01 2.206885576248168945e+00 1.912184000015258789e+00 -6.931170225143432617e-01 -4.975733319093575413e-02 1.915916083601758996e-02 -6.845856182802060319e-01 7.269798247501054744e-01
5.602199999999999847e+01 2.228008985519409180e+00 1.498002290725708008e+00 -6.854107379913330078e-01 -5.072202891007576014e-02 1.726341213043075529e-02 -6.847529932304349254e-01 7.268029916330973617e-01
5.620199999999999818e+01 2.280160665512084961e+00 1.092644333839416504e+00 -7.085365056991577148e-01 -5.730879750371720149e-02 1.203166831604250350e-02 -6.842965157294087497e-01 7.268488283314499254e-01
5.642300000000000182e+01 2.329390048980712891e+00 5.669953823089599609e-01 -7.125711441040039062e-01 -6.081684162073008187e-02 8.882485061101206419e-03 -6.843726280168658249e-01 7.265373488374199384e-01
5.661500000000000199e+01 2.384468555450439453e+00 1.912702322006225586e-01 -7.050362825393676758e-01 -6.203745167237327551e-02 7.669701658824978202e-03 -6.844864033131540237e-01 7.263407560820780429e-01
5.682099999999999795e+01 2.424312353134155273e+00 -2.817424237728118896e-01 -7.124824523925781250e-01 -6.695191107259501617e-02 4.078496535044103671e-03 -6.843024685019953868e-01 7.261066995089746623e-01
5.700800000000000267e+01 2.384628295898437500e+00 -7.775841951370239258e-01 -6.317712068557739258e-01 -6.021571411995375878e-02 2.777472494593907076e-03 -6.843877292946475288e-01 7.266221778961071687e-01
5.721699999999999875e+01 2.384936332702636719e+00 -1.255159378051757812e+00 -5.841004848480224609e-01 -5.723236931423790474e-02 -1.942530636852141807e-03 -6.847584189770601348e-01 7.265167514362215195e-01
5.742399999999999949e+01 2.432124614715576172e+00 -1.726836085319519043e+00 -5.844464302062988281e-01 -5.325882199416037688e-02 -7.126847033796211012e-03 -6.849318317326448247e-01 7.266230740972344782e-01
5.761299999999999955e+01 2.441348791122436523e+00 -2.140115261077880859e+00 -5.954012274742126465e-01 -5.780031148269346164e-02 -9.600124573127526151e-03 -6.846877029517587365e-01 7.264776053171413395e-01
5.780899999999999750e+01 2.458689212799072266e+00 -2.552001714706420898e+00 -6.107950210571289062e-01 -5.839731185667602908e-02 -1.728113186368542345e-02 -6.842793995309301991e-01 7.266724295217299456e-01
5.801299999999999812e+01 2.414436578750610352e+00 -3.082185983657836914e+00 -5.568985342979431152e-01 -5.029147242587297256e-02 -2.172403704532829133e-02 -6.843377101562779785e-01 7.271043477202933092e-01
5.820900000000000318e+01 2.423665523529052734e+00 -3.510355234146118164e+00 -5.644908547401428223e-01 -5.271940413393380598e-02 -2.955981911238171611e-02 -6.841667826646613548e-01 7.268168235670472432e-01
5.840800000000000125e+01 2.456974744796752930e+00 -3.952785491943359375e+00 -5.188480019569396973e-01 -5.132262042064178464e-02 -2.880796988587087937e-02 -6.842163047501900186e-01 7.269003630609964794e-01
5.861599999999999966e+01 2.500090837478637695e+00 -4.459095478057861328e+00 -4.439048171043395996e-01 -5.097174001491593109e-02 -2.611343605252681999e-02 -6.842608226634047108e-01 7.269849357073245866e-01
5.882500000000000284e+01 2.531198263168334961e+00 -4.968656539916992188e+00 -3.845409154891967773e-01 -5.282716094918692151e-02 -2.377573667575101635e-02 -6.843198918418043064e-01 7.268770811087632566e-01
5.900600000000000023e+01 2.598178386688232422e+00 -5.424355030059814453e+00 -2.807244956493377686e-01 -4.905442200738706349e-02 -1.475638629519301914e-02 -6.849201792991930215e-01 7.268151489435187296e-01
5.921000000000000085e+01 2.635496377944946289e+00 -5.910171508789062500e+00 -2.310651391744613647e-01 -4.850699664555736812e-02 -1.201440911298830294e-02 -6.849996558171174144e-01 7.268274876341183077e-01
5.940500000000000114e+01 2.674428939819335938e+00 -6.434771537780761719e+00 -1.300822347402572632e-01 -4.322860146538101689e-02 -6.808519969990125403e-03 -6.852844683918233315e-01 7.269595101875354626e-01
5.960900000000000176e+01 2.721341848373413086e+00 -6.958353996276855469e+00 -2.346572279930114746e-02 -3.790234005502027270e-02 1.899176081626950674e-03 -6.858018730246211447e-01 7.267981815500683673e-01
5.980299999999999727e+01 2.731174945831298828e+00 -7.424407482147216797e+00 1.131770014762878418e-01 -2.711228879594601571e-02 1.245805009762397143e-02 -6.855090036786694041e-01 7.274524909982014176e-01
6.000300000000000011e+01 2.726746559143066406e+00 -7.653953552246093750e+00 1.432769298553466797e-01 -2.573871289010214169e-02 1.340038556827718649e-02 -6.853534197370619863e-01 7.276322136767287008e-01
6.021699999999999875e+01 2.739839315414428711e+00 -7.635683059692382812e+00 8.010634779930114746e-02 -2.986024347840771781e-02 1.152510346193614220e-02 -6.855995850983428452e-01 7.272748770324615197e-01
6.041499999999999915e+01 2.738720655441284180e+00 -7.612531661987304688e+00 5.035242438316345215e-02 -3.129144705097404444e-02 8.859260975875761154e-03 -6.855017341642560824e-01 7.273443003792737782e-01
6.062199999999999989e+01 2.738056659698486328e+00 -7.619325160980224609e+00 5.660727620124816895e-02 -3.231278651924011230e-02 8.015725459112374440e-03 -6.854631268590433146e-01 7.273458143753555039e-01
6.080299999999999727e+01 2.739921331405639648e+00 -7.634593486785888672e+00 7.379467040300369263e-02 -2.913081498242194728e-02 1.020511102743678310e-02 -6.855360574775013482e-01 7.273840562079855188e-01
6.100800000000000267e+01 2.740553855895996094e+00 -7.635013103485107422e+00 7.387206703424453735e-02 -3.064986567047652682e-02 9.191822616571468027e-03 -6.855707443150360625e-01 7.273024478651880509e-01
6.122899999999999920e+01 2.737728118896484375e+00 -7.615765571594238281e+00 5.105537921190261841e-02 -3.363250796077445898e-02 7.221044900387500048e-03 -6.854950881164815213e-01 7.272641852085059977e-01
6.142399999999999949e+01 2.739577054977416992e+00 -7.611128807067871094e+00 4.955409094691276550e-02 -3.297999719386108392e-02 5.543240983487403989e-03 -6.854834929961921564e-01 7.273197186205192510e-01
6.161699999999999733e+01 2.740083932876586914e+00 -7.629968643188476562e+00 6.738121062517166138e-02 -3.101393743538130576e-02 1.032533915309423456e-02 -6.855240150157640988e-01 7.273158515341144881e-01
6.180400000000000205e+01 2.739674568176269531e+00 -7.628957271575927734e+00 7.036748528480529785e-02 -3.033247478049631157e-02 1.015561160518165321e-02 -6.855230185211664828e-01 7.273479192272728211e-01
6.200500000000000256e+01 2.608894824981689453e+00 -7.623051166534423828e+00 1.005352586507797241e-01 -2.833849566174709289e-02 1.104665109423688847e-02 -6.717982110881357549e-01 7.401094951032664016e-01
6.220900000000000318e+01 2.576342105865478516e+00 -7.591391563415527344e+00 6.107233464717864990e-02 -3.107117761085932336e-02 7.355350548907207964e-03 -6.686647959506295535e-01 7.428780999575098631e-01
6.242600000000000193e+01 2.312442302703857422e+00 -7.611495494842529297e+00 1.133396476507186890e-01 -2.978635785202878028e-02 1.345645165566643903e-02 -6.384627324383265190e-01 7.689584098520124700e-01
6.261999999999999744e+01 3.074585437774658203e+00 -7.677709579467773438e+00 1.844578981399536133e-01 -2.223435602865416610e-02 1.621349560626996963e-02 -5.704229846762429723e-01 8.208899892953157584e-01
6.281400000000000006e+01 3.748354673385620117e+00 -7.884231567382812500e+00 1.523057818412780762e-01 -3.059595141104780661e-02 1.696278988448298580e-02 -4.586383330483952414e-01 8.879341366200406149e-01
6.301400000000000290e+01 3.155099153518676758e+00 -8.319647789001464844e+00 2.614504396915435791e-01 -2.832063841262257714e-02 2.629262464525027737e-02 -3.462827932551757470e-01 9.373339140480082543e-01
6.322599999999999909e+01 3.044648647308349609e+00 -8.276202201843261719e+00 2.229355424642562866e-01 -3.191338471346326366e-02 2.499743691220188829e-02 -3.252764557968089165e-01 9.447496447886167825e-01
6.340999999999999659e+01 3.006909370422363281e+00 -8.197978019714355469e+00 2.049504220485687256e-01 -3.377143786737631104e-02 2.789301979576611773e-02 -3.218985965405188332e-01 9.457604152089932326e-01
6.360499999999999687e+01 2.953595399856567383e+00 -8.147295951843261719e+00 2.055595517158508301e-01 -3.733800408435830609e-02 2.681929477054148872e-02 -3.181618115817882453e-01 9.469211480001923364e-01
6.381199999999999761e+01 2.906898498535156250e+00 -8.086567878723144531e+00 1.727287769317626953e-01 -4.318641633753947384e-02 1.981583620837371051e-02 -3.162186140669855372e-01 9.474956750280386641e-01
6.401399999999999579e+01 2.835300207138061523e+00 -8.059796333312988281e+00 2.898044884204864502e-01 -1.331751015489017476e-02 2.947897450121305871e-02 -3.113475534092817743e-01 9.497454053438141308e-01
6.420300000000000296e+01 2.805716514587402344e+00 -7.911360263824462891e+00 1.731512993574142456e-01 -4.204504689423301661e-02 2.462539464216229740e-02 -3.093621750501868162e-01 9.496951345661390764e-01
6.440600000000000591e+01 2.671960592269897461e+00 -7.713645458221435547e+00 2.193145304918289185e-01 -2.986972145098654163e-02 2.657938695751396047e-02 -3.096423695812589583e-01 9.500120730230254829e-01
6.461100000000000421e+01 2.360525131225585938e+00 -7.428220272064208984e+00 2.577875554561614990e-01 -3.051848911627394814e-02 3.226641619343816741e-02 -3.118230498136436712e-01 9.491016203826698749e-01
6.481499999999999773e+01 2.041043043136596680e+00 -7.022544384002685547e+00 2.364165186882019043e-01 -4.919246731794830324e-02 3.042752956446613533e-02 -3.113739205298756696e-01 9.485254599733371483e-01
6.501200000000000045e+01 1.791038513183593750e+00 -6.565934658050537109e+00 4.618141055107116699e-02 -8.789550085078341735e-02 1.978270005219471064e-02 -3.031365527756988421e-01 9.486786895888937865e-01
6.522799999999999443e+01 1.311097025871276855e+00 -6.659573078155517578e+00 -1.362590864300727844e-02 -1.167231403520352928e-01 8.472773704621381491e-03 -2.261508080438937862e-01 9.670365725417023883e-01
6.540999999999999659e+01 1.170673847198486328e+00 -6.674989223480224609e+00 1.980773359537124634e-02 -1.184516440744324550e-01 9.154566103502065691e-03 -1.875497149451949008e-01 9.750438484291341634e-01
6.560899999999999466e+01 1.049053907394409180e+00 -6.983045101165771484e+00 8.759792894124984741e-02 -1.101130097681294051e-01 1.363719769499647204e-02 -1.273777225348104170e-01 9.856287677014486936e-01
6.580200000000000671e+01 8.206272125244140625e-01 -7.371823787689208984e+00 1.282074600458145142e-01 -1.118511158087753948e-01 1.153250746664830247e-02 -7.104564079863856518e-02 9.911149509957836168e-01
6.601500000000000057e+01 7.508620619773864746e-01 -7.796899795532226562e+00 1.690951287746429443e-01 -1.104060988098950341e-01 1.334479533804710377e-02 -2.079933272109120782e-03 9.937947895116722163e-01
6.620099999999999341e+01 9.288916587829589844e-01 -8.212952613830566406e+00 2.570434212684631348e-01 -8.198638903014307533e-02 2.727151881275454923e-02 5.603646376951537666e-02 9.946830706328781968e-01
6.640699999999999648e+01 1.324786186218261719e+00 -8.681313514709472656e+00 3.418988585472106934e-01 -4.832121361027497813e-02 4.423652307164137321e-02 1.284682591078851188e-01 9.895474201591107910e-01
6.662399999999999523e+01 1.653314828872680664e+00 -8.973993301391601562e+00 1.276620626449584961e-01 -6.172081523425284461e-02 1.954710864246522739e-02 2.069269872061962889e-01 9.762118998846027740e-01
6.680899999999999750e+01 2.177719116210937500e+00 -9.289136886596679688e+00 1.275379359722137451e-01 -5.064245483444985291e-02 2.555175721500629535e-02 2.796405185729658460e-01 9.584276862882293857e-01
6.701999999999999602e+01 2.549531698226928711e+00 -9.425552368164062500e+00 1.274597495794296265e-01 -4.841665325926636232e-02 2.798702781830897032e-02 3.259560156565704525e-01 9.437294261695788888e-01
6.720999999999999375e+01 2.904242515563964844e+00 -9.340022087097167969e+00 1.253582537174224854e-01 -4.683152786168514464e-02 3.200298551702504546e-02 3.512468493780511736e-01 9.345631427132840008e-01
6.741299999999999670e+01 3.130935668945312500e+00 -9.347858428955078125e+00 1.071917712688446045e-01 -4.838365013393954028e-02 2.657459853668203004e-02 3.756200744714244255e-01 9.251283007055898233e-01
6.760599999999999454e+01 3.439612865447998047e+00 -9.201036453247070312e+00 8.815123885869979858e-02 -4.837051342384661445e-02 3.014189480592018022e-02 3.940320948417324054e-01 9.173278954895345283e-01
6.780599999999999739e+01 3.780259132385253906e+00 -8.860260009765625000e+00 5.095201730728149414e-02 -4.640660213449497584e-02 2.955353843960998456e-02 3.955843429042421588e-01 9.167802590005131869e-01
6.802100000000000080e+01 4.151709556579589844e+00 -8.507419586181640625e+00 3.023470006883144379e-02 -4.441666925855645293e-02 3.544108891343436540e-02 3.951118769579257672e-01 9.168738699490739386e-01
6.820399999999999352e+01 4.510560989379882812e+00 -8.190586090087890625e+00 2.266046963632106781e-02 -3.913416109326096903e-02 4.299359816929195638e-02 3.943921642557463580e-01 9.171013513923378380e-01
6.841500000000000625e+01 4.853556156158447266e+00 -7.830991744995117188e+00 -4.611985385417938232e-02 -3.832981129015994998e-02 4.279560423239307798e-02 3.937164548441505207e-01 9.174348560033017685e-01
6.860500000000000398e+01 5.200871467590332031e+00 -7.528882026672363281e+00 -6.639638543128967285e-02 -3.527240721777870347e-02 4.748162938561704960e-02 3.932652292416511375e-01 9.175204693245059273e-01
6.880599999999999739e+01 5.505734920501708984e+00 -7.194095134735107422e+00 -1.282686591148376465e-01 -3.370345806896764274e-02 4.292292164332471571e-02 3.929746937485932290e-01 9.179284230183711868e-01
6.901300000000000523e+01 5.875912189483642578e+00 -6.855345249176025391e+00 -1.792736500501632690e-01 -2.943812551741729205e-02 4.481345673321161793e-02 3.925733621066681001e-01 9.181564715373455865e-01
6.922700000000000387e+01 6.161727428436279297e+00 -6.527383804321289062e+00 -2.574315071105957031e-01 -2.801452080291855912e-02 3.758018973537976398e-02 3.926497853532286975e-01 9.184928208895805080e-01
6.942199999999999704e+01 6.441254138946533203e+00 -6.287477016448974609e+00 -2.877693772315979004e-01 -2.181675010919413571e-02 3.882393624767437046e-02 3.928598795892163653e-01 9.185193772577995297e-01
6.962399999999999523e+01 6.443871498107910156e+00 -6.133815288543701172e+00 -2.398613840341567993e-01 -2.032196905479685331e-02 4.693792455884034792e-02 3.735216516049930657e-01 9.262102485905252536e-01
6.980299999999999727e+01 6.060988426208496094e+00 -5.905961990356445312e+00 -3.558176159858703613e-01 -3.161984357327667083e-02 2.520807226815723057e-02 3.244494254387919052e-01 9.450382579120079063e-01
7.002800000000000580e+01 6.064571380615234375e+00 -5.883636951446533203e+00 -2.930198311805725098e-01 -3.363016731848687130e-02 2.868332548438264767e-02 3.197760732570333886e-01 9.464615901649681140e-01
7.021500000000000341e+01 6.110649108886718750e+00 -5.876294136047363281e+00 -2.878755629062652588e-01 -2.477801845236297235e-02 3.586365309446422345e-02 3.047561718339212855e-01 9.514323538315416773e-01
7.041400000000000148e+01 6.208917617797851562e+00 -5.754761219024658203e+00 -3.657144308090209961e-01 -3.210481284929529722e-02 2.503678178409543889e-02 3.024638313567390990e-01 9.522909593558103181e-01
7.060899999999999466e+01 6.425017833709716797e+00 -5.809558868408203125e+00 -2.786015868186950684e-01 -2.037097342218938123e-02 4.087916888986640324e-02 3.095579822384422752e-01 9.497830134431602955e-01
7.079999999999999716e+01 6.497414588928222656e+00 -5.762819290161132812e+00 -3.977114558219909668e-01 -2.992345953191992425e-02 2.121924725045815779e-02 3.207110011002337613e-01 9.464664726703483355e-01
7.101200000000000045e+01 6.844091892242431641e+00 -5.509782791137695312e+00 -4.555114209651947021e-01 -2.877314078428233959e-02 1.647840293629116229e-02 3.234350732107134641e-01 9.456692455733437530e-01
7.122299999999999898e+01 7.364334583282470703e+00 -5.264440059661865234e+00 -4.330908656120300293e-01 -1.047569424796957437e-02 3.071075800812687190e-02 3.216741685389428729e-01 9.462942663185532899e-01
7.140500000000000114e+01 7.604234695434570312e+00 -5.022888660430908203e+00 -5.495027303695678711e-01 -1.501711975141887395e-02 1.283013709097103987e-02 3.222869769262588502e-01 9.464359345461961226e-01
7.160699999999999932e+01 7.942787170410156250e+00 -4.750765800476074219e+00 -6.256292462348937988e-01 -1.589540737668224124e-02 6.344288567124309330e-03 3.226277430525332224e-01 9.463711879805591920e-01
7.180899999999999750e+01 8.401652336120605469e+00 -4.489636421203613281e+00 -6.064251065254211426e-01 -4.839010218675099222e-03 1.557611432596879217e-02 3.225152516982085493e-01 9.464237323021065240e-01
7.201999999999999602e+01 8.724727630615234375e+00 -4.196310520172119141e+00 -6.872623562812805176e-01 -9.376345950630781897e-03 6.036314544495760201e-03 3.225171062197541572e-01 9.464979467695476822e-01
7.220999999999999375e+01 9.090464591979980469e+00 -3.938910961151123047e+00 -7.061129212379455566e-01 -6.774204979339214575e-03 5.353760076876656893e-03 3.229108134942196839e-01 9.463900115324752615e-01
7.241100000000000136e+01 9.453474998474121094e+00 -3.654446363449096680e+00 -7.407613396644592285e-01 -3.005909404538408599e-03 4.646898571007728081e-03 3.226433851221560123e-01 9.465044198941907627e-01
7.262099999999999511e+01 9.849171638488769531e+00 -3.377085208892822266e+00 -7.531191110610961914e-01 -3.027089970924939574e-03 5.580024523144418679e-03 3.226077843191218486e-01 9.465114460741274049e-01
7.279999999999999716e+01 1.018423080444335938e+01 -3.111537456512451172e+00 -7.662983536720275879e-01 -1.182465130164189922e-03 2.812623911960260119e-03 3.226146725351938249e-01 9.465254692758962030e-01
7.300600000000000023e+01 1.057555866241455078e+01 -2.814687490463256836e+00 -7.730185985565185547e-01 -4.232062745290979949e-03 2.373593920166516998e-03 3.224507956462105418e-01 9.465737900892606804e-01
7.321999999999999886e+01 1.096565151214599609e+01 -2.514916896820068359e+00 -7.725103497505187988e-01 -1.406588578775897934e-03 4.512312279704242500e-03 3.224509531995492506e-01 9.465743728451360139e-01
7.340000000000000568e+01 1.111718177795410156e+01 -2.402855396270751953e+00 -7.837991714477539062e-01 -1.500012692049421462e-03 3.959704396043731861e-04 3.196203395437416939e-01 9.475444220295310416e-01
7.360999999999999943e+01 1.112090301513671875e+01 -2.403852224349975586e+00 -7.838113903999328613e-01 -8.589040612623837986e-04 2.096178521710011320e-03 3.195268494526559699e-01 9.475745146416076903e-01
7.381900000000000261e+01 1.110652923583984375e+01 -2.397330284118652344e+00 -7.843061685562133789e-01 -1.455801334138475626e-03 2.768063965235959597e-03 3.185591117316963761e-01 9.478978377425875124e-01
7.400199999999999534e+01 1.110472679138183594e+01 -2.395050048828125000e+00 -7.849957346916198730e-01 -8.764935339651573534e-04 8.463475630234976220e-04 3.185149722660349236e-01 9.479170469493911622e-01
7.421099999999999852e+01 1.085235881805419922e+01 -2.349807739257812500e+00 -7.708657979965209961e-01 -2.279919191575318152e-03 1.078529831496644487e-03 2.961873763390465153e-01 9.551265239952634323e-01
7.440300000000000580e+01 1.036689090728759766e+01 -2.048397302627563477e+00 -7.780343890190124512e-01 -8.323250002933293501e-04 2.567236813702431474e-03 2.231758613378918010e-01 9.747744618353142432e-01
7.461799999999999500e+01 9.793979644775390625e+00 -2.839613437652587891e+00 -8.856875896453857422e-01 -1.376848298589228130e-02 9.295992115788203128e-03 1.071399949792298939e-01 9.941051427704722387e-01
7.481100000000000705e+01 9.431851387023925781e+00 -2.205670118331909180e+00 -8.709282875061035156e-01 -1.316449503814277715e-02 7.134992639860359732e-03 1.177354686518885217e-02 9.998185693137695562e-01
7.502100000000000080e+01 9.287823677062988281e+00 -2.001208543777465820e+00 -8.700285553932189941e-01 -1.321194403640016564e-02 7.832281410082318762e-03 -2.168879078577601663e-02 9.996467857483178898e-01
7.520300000000000296e+01 9.233711242675781250e+00 -2.036483287811279297e+00 -8.719749450683593750e-01 -1.637370718263192818e-02 8.460052401814226880e-03 -1.681511590506373777e-02 9.996887421110408622e-01
7.540500000000000114e+01 9.232891082763671875e+00 -2.035193681716918945e+00 -8.715960979461669922e-01 -1.252055385608921365e-02 7.434897066912658781e-03 -1.685695440286946040e-02 9.997518697781968555e-01
7.562099999999999511e+01 9.227179527282714844e+00 -2.072524547576904297e+00 -8.708321452140808105e-01 -1.413869035435661586e-02 6.746062724854266605e-03 -1.045990781291407552e-02 9.998225734605721282e-01
7.582599999999999341e+01 9.221018791198730469e+00 -2.091220855712890625e+00 -8.714184761047363281e-01 -1.518849364086914851e-02 7.049296904461626288e-03 -7.624979598851660580e-03 9.998307240529222817e-01
7.600900000000000034e+01 9.269982337951660156e+00 -2.092047214508056641e+00 -8.693940043449401855e-01 -1.288709590481512159e-02 6.663772605248263932e-03 -7.566517396530056221e-03 9.998661233926738889e-01
7.620600000000000307e+01 9.373782157897949219e+00 -2.099241495132446289e+00 -8.713533878326416016e-01 -1.428317412271280090e-02 5.958142429119579753e-03 -7.262758770074775883e-03 9.998538612271407056e-01
7.641200000000000614e+01 9.397067070007324219e+00 -2.104945421218872070e+00 -8.735960125923156738e-01 -1.286845924866796172e-02 6.558202039035971459e-03 -7.272595202046219787e-03 9.998692425020423435e-01
7.661499999999999488e+01 9.574652671813964844e+00 -2.115005970001220703e+00 -8.747262358665466309e-01 -1.295423698485260837e-02 4.993607833401709356e-03 -7.116341421046373968e-03 9.998782972490829479e-01
7.680400000000000205e+01 9.924780845642089844e+00 -2.125083446502685547e+00 -8.788694739341735840e-01 -1.473824115979960152e-02 7.190862496608951999e-03 -6.963770804494538030e-03 9.998412782238254026e-01
7.700300000000000011e+01 1.038059711456298828e+01 -2.118563175201416016e+00 -8.813933134078979492e-01 -1.202168362627908070e-02 7.996311939751346923e-03 -6.824922367736467772e-03 9.998724711446086433e-01
7.721200000000000330e+01 1.086299991607666016e+01 -2.123399257659912109e+00 -8.850359916687011719e-01 -1.396506602681980326e-02 7.855958537290213747e-03 -6.775166175509845373e-03 9.998486675340529928e-01
7.742400000000000659e+01 1.136023998260498047e+01 -2.117822408676147461e+00 -8.882018327713012695e-01 -1.228620245977487049e-02 6.386972267948840508e-03 -6.623961047755511609e-03 9.998821825367246729e-01
7.762000000000000455e+01 1.183176040649414062e+01 -2.124679565429687500e+00 -8.959062695503234863e-01 -1.047593731247141620e-02 6.708733209851492664e-03 -6.618130861094247835e-03 9.999007190616724383e-01
7.780599999999999739e+01 1.226384258270263672e+01 -2.125636577606201172e+00 -9.017309546470642090e-01 -9.717447154330920156e-03 7.182617845315236726e-03 -6.462826694255218059e-03 9.999061021380012404e-01
7.801000000000000512e+01 1.274481201171875000e+01 -2.126709461212158203e+00 -9.069452881813049316e-01 -1.218659369660732988e-02 7.928115107352683502e-03 -6.388225356943222355e-03 9.998739033006648347e-01
7.820600000000000307e+01 1.322503662109375000e+01 -2.132930994033813477e+00 -9.136669039726257324e-01 -1.103163861756553156e-02 7.433655353272565665e-03 -6.565845915736259232e-03 9.998899606381249638e-01
7.841400000000000148e+01 1.368466567993164062e+01 -2.109578132629394531e+00 -9.120886325836181641e-01 -1.222770682580148760e-02 6.895899722841773889e-03 -5.928453012970220579e-03 9.998838848574707061e-01
7.861299999999999955e+01 1.412393951416015625e+01 -2.107131242752075195e+00 -9.368816614151000977e-01 -1.051509812714791943e-02 4.696790000032109898e-03 -5.336400684776753355e-03 9.999194446068160325e-01
7.880800000000000693e+01 1.458457946777343750e+01 -2.094919681549072266e+00 -9.545990228652954102e-01 -7.887129542751088532e-03 9.163499927058261834e-04 -5.865330832690720392e-03 9.999512745051578611e-01
7.901600000000000534e+01 1.505246829986572266e+01 -2.067789077758789062e+00 -9.567297101020812988e-01 -1.209980943005323044e-02 -1.748919714148502742e-03 -5.388196927777007608e-03 9.999107476297358632e-01
7.921099999999999852e+01 1.553058719635009766e+01 -2.061504364013671875e+00 -9.462665915489196777e-01 -1.467813477155074410e-02 -2.491086312284232322e-03 -4.813741677134861056e-03 9.998775798764960587e-01
7.940300000000000580e+01 1.604530334472656250e+01 -2.058432340621948242e+00 -9.145474433898925781e-01 -2.260236795860488465e-02 -5.209450709664284604e-04 -5.259740218964746236e-03 9.997305620574603591e-01
7.961400000000000432e+01 1.655180740356445312e+01 -2.000819683074951172e+00 -8.980958461761474609e-01 -2.704416109650311165e-02 4.344836012312666002e-03 -5.150241847481517969e-03 9.996115299252629205e-01
7.980700000000000216e+01 1.701141929626464844e+01 -2.006242275238037109e+00 -9.010402560234069824e-01 -2.726773279355907895e-02 6.298891487627909444e-03 -5.103151916263819372e-03 9.995952943841049931e-01
8.001200000000000045e+01 1.749111366271972656e+01 -2.010352849960327148e+00 -9.063860177993774414e-01 -2.558355997135962345e-02 6.365133686468862906e-03 -5.086036858817447222e-03 9.996394843949572007e-01
8.021299999999999386e+01 1.778188323974609375e+01 -1.966171383857727051e+00 -9.391857385635375977e-01 -2.408807172696076498e-02 1.005449133073429068e-03 -1.542188837703502464e-02 9.995903757196763495e-01
8.041100000000000136e+01 1.778867340087890625e+01 -1.975827097892761230e+00 -9.402986168861389160e-01 -2.306076294932891610e-02 6.220351239498887134e-04 -1.608424243254963359e-02 9.996044774959095269e-01
8.060899999999999466e+01 1.778733634948730469e+01 -1.988346099853515625e+00 -9.365749955177307129e-01 -2.250121727340702663e-02 2.836887244355291819e-04 -1.550886988100402299e-02 9.996264750880384797e-01
8.081300000000000239e+01 1.778797149658203125e+01 -1.992708563804626465e+00 -9.364290237426757812e-01 -2.268896089346445280e-02 -1.090691317118948041e-03 -1.554538218047411477e-02 9.996211094904351446e-01
8.101300000000000523e+01 1.778787803649902344e+01 -1.993023991584777832e+00 -9.364536404609680176e-01 -2.560760862211510988e-02 -2.051155310653050845e-04 -1.550452724585799427e-02 9.995518085337836700e-01
8.120000000000000284e+01 1.778435897827148438e+01 -1.994094729423522949e+00 -9.380578994750976562e-01 -2.347287530819548718e-02 1.729723653739930096e-03 -1.530852555692245077e-02 9.996057629016156243e-01
8.140300000000000580e+01 1.777743148803710938e+01 -1.996423006057739258e+00 -9.417233467102050781e-01 -2.330108187450720056e-02 7.820536902060299181e-04 -1.518353727148128753e-02 9.996128791544398595e-01
8.161100000000000421e+01 1.777791213989257812e+01 -1.992988467216491699e+00 -9.382776021957397461e-01 -2.348784686486867293e-02 2.739009902949039472e-03 -1.512417013624895584e-02 9.996059615428941614e-01
8.180800000000000693e+01 1.777507019042968750e+01 -1.992486000061035156e+00 -9.395221471786499023e-01 -2.291520520620489790e-02 9.937288702905047386e-04 -1.508210726585166792e-02 9.996231469477442344e-01
8.200799999999999557e+01 1.777657508850097656e+01 -1.994590401649475098e+00 -9.383509755134582520e-01 -2.488364203359818075e-02 8.829440938735964861e-04 -1.515334979663107012e-02 9.995751101136981509e-01
8.220799999999999841e+01 1.778073692321777344e+01 -1.991809725761413574e+00 -9.365050792694091797e-01 -2.232091385543600107e-02 -2.889872044421216415e-04 -1.524117126869074280e-02 9.996346332482745067e-01
8.240999999999999659e+01 1.778326797485351562e+01 -1.992541670799255371e+00 -9.344713687896728516e-01 -2.311330553400807800e-02 -2.947209162766702573e-04 -1.525266129683769054e-02 9.996164487293298651e-01
8.262099999999999511e+01 1.777652359008789062e+01 -1.994286656379699707e+00 -9.346631169319152832e-01 -2.239965843145643939e-02 1.055125208974097215e-03 -1.511295653697262639e-02 9.996343034118322368e-01
8.280200000000000671e+01 1.777750587463378906e+01 -1.993921637535095215e+00 -9.355784654617309570e-01 -2.416855802372134751e-02 2.075701463690448560e-03 -1.506322686723137079e-02 9.995922526024468846e-01
8.300499999999999545e+01 1.777349281311035156e+01 -1.994727849960327148e+00 -9.371399283409118652e-01 -2.527209036711160206e-02 -3.809942086223131147e-04 -1.503569413237625628e-02 9.995674585508710352e-01
8.321399999999999864e+01 1.777117156982421875e+01 -1.994819283485412598e+00 -9.362872838973999023e-01 -2.412349895648187303e-02 1.535892346081940739e-03 -1.489743444133229122e-02 9.995968008551566752e-01
8.340300000000000580e+01 1.777419853210449219e+01 -1.994679212570190430e+00 -9.357384443283081055e-01 -2.281146790106141492e-02 -8.410744956198594208e-04 -1.496056478531862001e-02 9.996274861303063863e-01
8.361499999999999488e+01 1.776893615722656250e+01 -1.994224071502685547e+00 -9.372010231018066406e-01 -2.560243182908627721e-02 2.495696924626622927e-04 -1.489569090177678828e-02 9.995611895186627960e-01
8.380299999999999727e+01 1.776839447021484375e+01 -1.991759896278381348e+00 -9.349187016487121582e-01 -2.332459222785234279e-02 9.955090557340600527e-04 -1.478156323607619088e-02 9.996181659750998927e-01
8.400700000000000500e+01 1.776845359802246094e+01 -1.995301961898803711e+00 -9.360724687576293945e-01 -2.386147928683056765e-02 2.035643064985027083e-03 -1.478437761038548133e-02 9.996038756138501125e-01
8.421299999999999386e+01 1.776832580566406250e+01 -1.993691086769104004e+00 -9.368985891342163086e-01 -2.565020939621928328e-02 1.712852342348398713e-03 -1.471115891154447901e-02 9.995612611032215211e-01
8.442300000000000182e+01 1.776815795898437500e+01 -1.995031833648681641e+00 -9.362637400627136230e-01 -2.412695281793850524e-02 1.910750799434251124e-03 -1.478887386658200333e-02 9.995976832650531607e-01
8.460800000000000409e+01 1.776901054382324219e+01 -1.997633695602416992e+00 -9.372028112411499023e-01 -2.398148528722432102e-02 2.077366222727418301e-03 -1.475897356232467282e-02 9.996012933226836594e-01
8.481399999999999295e+01 1.776891136169433594e+01 -1.995295405387878418e+00 -9.345784187316894531e-01 -2.435513590189877092e-02 2.099926341221451491e-03 -1.475247085090985663e-02 9.995923080278051875e-01
8.501500000000000057e+01 1.776687049865722656e+01 -1.995094180107116699e+00 -9.361757636070251465e-01 -2.275838717314850740e-02 4.515330270440884655e-03 -1.457926787007405960e-02 9.996244857716314325e-01
8.520999999999999375e+01 1.776632690429687500e+01 -1.991050839424133301e+00 -9.342865943908691406e-01 -2.421191329400316714e-02 4.429937530216036009e-04 -1.461801529472983238e-02 9.995998702681094805e-01
8.542199999999999704e+01 1.776545143127441406e+01 -1.989628911018371582e+00 -9.345279932022094727e-01 -2.357644678826222376e-02 -4.576010185259551553e-04 -1.464309108756614575e-02 9.996146865875616960e-01
8.561799999999999500e+01 1.776716041564941406e+01 -1.992326736450195312e+00 -9.340793490409851074e-01 -2.623265654308918823e-02 -1.501353681357065688e-04 -1.459211177121484855e-02 9.995493461876308050e-01
8.580800000000000693e+01 1.776420593261718750e+01 -1.991433501243591309e+00 -9.347934722900390625e-01 -2.496220701111129606e-02 6.325755211411547736e-04 -1.457133698798794910e-02 9.995819947396646921e-01
8.600100000000000477e+01 1.776499176025390625e+01 -1.990254521369934082e+00 -9.362503886222839355e-01 -2.396498417037560766e-02 4.365564149122566455e-03 -1.441073256816415536e-02 9.995993958432658477e-01
8.620099999999999341e+01 1.776270484924316406e+01 -1.994546651840209961e+00 -9.364939332008361816e-01 -2.314497793908786363e-02 9.027163849053423212e-04 -1.443507218284751856e-02 9.996274925142882850e-01
8.641599999999999682e+01 1.776463699340820312e+01 -1.992359399795532227e+00 -9.363951683044433594e-01 -2.340695465649924450e-02 2.973463409393931490e-03 -1.441527251189638967e-02 9.996176633630827757e-01
8.660999999999999943e+01 1.776449966430664062e+01 -1.993303894996643066e+00 -9.360045194625854492e-01 -2.457549256799080803e-02 3.472436278558364928e-03 -1.437210235566928340e-02 9.995886304001312395e-01
8.681399999999999295e+01 1.776612091064453125e+01 -1.995166182518005371e+00 -9.347331523895263672e-01 -2.369991209333253968e-02 1.680579817627471124e-03 -1.446060646996313696e-02 9.996131154995746559e-01
