4.582099999999999795e+01 4.485739022493362427e-02 6.254807114601135254e-03 -2.531294303480535746e-04 -4.268540201763819375e-02 6.119314053776735846e-02 -2.573694201003090543e-04 9.972127605314219378e-01
4.600099999999999767e+01 4.591423645615577698e-02 5.379021633416414261e-03 -6.474531255662441254e-04 -4.259067727885166438e-02 6.117761978844659526e-02 -2.501129879150239092e-04 9.972177648284462625e-01
4.621200000000000330e+01 4.477634280920028687e-02 5.934683140367269516e-03 -3.813637013081461191e-04 -4.270695460763803547e-02 6.115838556584844710e-02 -2.630843470437468391e-04 9.972139683587201153e-01
4.641100000000000136e+01 4.626819491386413574e-02 5.388139747083187103e-03 -1.021167146973311901e-03 -4.264431930455552661e-02 6.117729301553011950e-02 -2.774701805375191094e-04 9.972154851688985744e-01
4.660000000000000142e+01 4.633324220776557922e-02 5.473243072628974915e-03 -1.205965760163962841e-03 -4.272515485492107967e-02 6.125597829393805011e-02 -2.942857805228139487e-04 9.972071899368530890e-01
4.679999999999999716e+01 4.641766473650932312e-02 6.637902464717626572e-03 -1.598554372321814299e-04 -4.252680182490804067e-02 6.106768392050451050e-02 -3.285057678175809862e-04 9.972272064033806949e-01
4.702000000000000313e+01 4.619467258453369141e-02 5.747097544372081757e-03 -2.545478346291929483e-04 -4.256391393089803410e-02 6.127017873229076428e-02 -3.392256250307457664e-04 9.972131985463147386e-01
4.721399999999999864e+01 4.712310805916786194e-02 6.188625935465097427e-03 -8.868326549418270588e-04 -4.267312912236850830e-02 6.126305776983978491e-02 -3.490387299804856465e-04 9.972089650497331093e-01
4.740599999999999881e+01 4.725355282425880432e-02 6.466332823038101196e-03 -1.061595510691404343e-03 -4.247886589844443450e-02 6.115244302781808194e-02 -3.692000772936498629e-04 9.972240412038884116e-01
4.761599999999999966e+01 4.719075188040733337e-02 6.659780628979206085e-03 -7.831230759620666504e-04 -4.262913228377733510e-02 6.119755352978238638e-02 -4.045299116979509009e-04 9.972148479030245039e-01
4.782200000000000273e+01 4.803663119673728943e-02 5.730551201850175858e-03 -7.412764243781566620e-04 -4.259928556563940399e-02 6.106222037154329652e-02 -4.181633381495578755e-04 9.972244136863159802e-01
4.801599999999999824e+01 4.813599586486816406e-02 6.315630394965410233e-03 -6.381051498465240002e-04 -4.277582042818290492e-02 6.143011614490841155e-02 -4.199635451420827108e-04 9.971942607374651990e-01
4.820499999999999829e+01 4.831599071621894836e-02 6.811439990997314453e-03 -3.726497525349259377e-04 -4.239216649566026479e-02 6.138204587427237985e-02 -4.648178151365001468e-04 9.972135842478739853e-01
4.841899999999999693e+01 4.942549765110015869e-02 7.259485311806201935e-03 -7.743613678030669689e-04 -4.264982629395014380e-02 6.126953002514031604e-02 -4.538524343863834486e-04 9.972095221294079437e-01
4.861200000000000188e+01 4.937717691063880920e-02 7.000420708209276199e-03 -5.275091389194130898e-04 -4.274658065862071282e-02 6.107368252718992085e-02 -4.772868815998095905e-04 9.972173821899598112e-01
4.881600000000000250e+01 5.453317239880561829e-02 -4.505571350455284119e-02 9.142278134822845459e-02 -2.621757641719432014e-02 7.445177661034220462e-02 -1.110605586709799853e-03 9.968792997156691316e-01
4.900900000000000034e+01 -2.184449695050716400e-02 -4.535392299294471741e-02 7.211085408926010132e-02 -3.624065778755116568e-02 6.773929518976772035e-02 -7.822911616773161290e-04 9.970443273149180996e-01
4.922299999999999898e+01 -1.331644654273986816e-01 -3.088301420211791992e-02 3.279412165284156799e-02 -4.158341603894102900e-02 6.189487377538260837e-02 1.748403877786098952e-03 9.972145141316094419e-01
4.941100000000000136e+01 -3.165105283260345459e-01 -3.675796091556549072e-02 1.343376785516738892e-01 -3.696070085739251027e-02 7.491511660809835327e-02 1.475610549696684251e-03 9.965036148801623694e-01
4.960399999999999920e+01 -6.790619492530822754e-01 5.846303701400756836e-02 1.261020004749298096e-01 -4.455847378605216902e-02 7.152434760984056894e-02 1.111939054712408372e-03 9.964424588025055929e-01
4.982000000000000028e+01 -1.166701674461364746e+00 8.929600939154624939e-03 1.314321160316467285e-01 -4.296506910838835541e-02 6.093663826324095811e-02 3.859971637651822204e-03 9.972090200016460182e-01
5.003499999999999659e+01 -1.460120677947998047e+00 -1.021898686885833740e-01 -2.744190022349357605e-02 -2.798736682780710375e-02 3.018463031081400350e-02 4.642539430984441925e-03 9.991416527293199845e-01
5.020900000000000318e+01 -1.481530189514160156e+00 -1.179704517126083374e-01 -3.795957565307617188e-02 -2.664323989602862888e-02 2.771976813585319901e-02 4.507093296338750624e-03 9.992504382447653377e-01
5.041299999999999670e+01 -1.278493523597717285e+00 -8.772205561399459839e-03 1.409689337015151978e-01 -4.244839909953805612e-02 5.943330808664053222e-02 4.361034665442647777e-03 9.973198066219338687e-01
5.061800000000000210e+01 -1.129111647605895996e+00 3.072131052613258362e-02 2.386783063411712646e-01 -4.656433716954446606e-02 7.738642439318063615e-02 4.610703515933865793e-03 9.959025279798660035e-01
5.080899999999999750e+01 -1.090244650840759277e+00 -2.701432630419731140e-02 1.236612498760223389e-01 -4.099810333645641236e-02 5.748476695102059525e-02 4.916388638971227326e-03 9.974920983216611914e-01
5.100000000000000000e+01 -8.676020503044128418e-01 3.832871094346046448e-02 1.899835765361785889e-01 -4.426405522495777817e-02 7.494503335579395797e-02 2.265122391780370788e-03 9.962021906274303173e-01
5.122099999999999653e+01 -7.235581874847412109e-01 -9.928864426910877228e-03 8.963961154222488403e-02 -4.137537927712611752e-02 5.986486254709825344e-02 1.792708539662884537e-03 9.973470120364239522e-01
5.140800000000000125e+01 -2.245440036058425903e-01 3.162396326661109924e-02 1.697304472327232361e-02 -4.282588940861789539e-02 6.172652987765222393e-02 1.171749616581991334e-03 9.971732074762440501e-01
5.161599999999999966e+01 1.767757534980773926e-01 -1.338560041040182114e-02 -8.587827906012535095e-03 -4.042480604512373871e-02 5.970688675649560295e-02 7.819566160762042584e-04 9.973967672265192652e-01
5.181799999999999784e+01 6.057901382446289062e-01 -1.035257279872894287e-01 3.697757795453071594e-02 -2.309653406971955494e-02 7.083463450677293660e-02 -1.295869413748632851e-03 9.972197979335953866e-01
5.201800000000000068e+01 8.131985664367675781e-01 -9.420536458492279053e-02 1.466466207057237625e-02 -2.166248498999824926e-02 6.950920964181486750e-02 -7.134646951865871410e-03 9.973205619718770176e-01
5.222299999999999898e+01 9.691764116287231445e-01 2.603584155440330505e-02 -8.413925021886825562e-02 -3.064337012391733783e-02 5.693522930009644462e-02 -2.037899766467913404e-02 9.976993835751213346e-01
5.241299999999999670e+01 1.078449010848999023e+00 -5.321779474616050720e-02 -1.307706069201231003e-02 -1.260100265116815069e-02 6.574198037938386308e-02 -2.735469662187505618e-02 9.973820367946812926e-01
5.262400000000000233e+01 1.075475931167602539e+00 9.394365549087524414e-02 -5.101596936583518982e-02 -2.094039237970030803e-02 6.055805917971610053e-02 -4.434218828873998791e-02 9.969593731808414905e-01
5.281000000000000227e+01 1.079786419868469238e+00 3.116208612918853760e-01 -8.742117136716842651e-02 -2.799382380716624458e-02 5.594304135329400407e-02 -7.102606075608701441e-02 9.955109344684617279e-01
5.302300000000000324e+01 1.120428085327148438e+00 5.321117639541625977e-01 -9.242613613605499268e-02 -2.953062765507291632e-02 5.326024012118324436e-02 -1.075321438192749501e-01 9.923346849214543797e-01
5.320000000000000284e+01 1.202440857887268066e+00 7.131409049034118652e-01 -1.075404286384582520e-01 -2.892074771510399350e-02 5.423074146688385694e-02 -1.422571101031033514e-01 9.879198002149084390e-01
5.342199999999999704e+01 1.336482763290405273e+00 1.148281812667846680e+00 -2.065439671277999878e-01 -4.021199395568127166e-02 4.698405840255358290e-02 -2.011929366407723130e-01 9.775975122942959228e-01
5.361500000000000199e+01 1.563832759857177734e+00 1.553653359413146973e+00 -2.688089907169342041e-01 -4.555391413965029224e-02 4.237979005954909534e-02 -2.622066607366289603e-01 9.630038740142287113e-01
5.380499999999999972e+01 1.955923080444335938e+00 1.904680490493774414e+00 -2.694647610187530518e-01 -3.369131368682259237e-02 4.496208465309586844e-02 -3.349275785224622437e-01 9.405672881143506414e-01
5.400900000000000034e+01 2.528815507888793945e+00 2.415618658065795898e+00 -3.798474669456481934e-01 -3.489639457180578747e-02 4.032995447550117435e-02 -4.271053504795307432e-01 9.026276951266507531e-01
5.422099999999999653e+01 2.015079975128173828e+00 2.921276330947875977e+00 -5.709449052810668945e-01 -4.239343984704375262e-02 3.263663415871292245e-02 -5.471324020403026678e-01 8.353345323918640597e-01
5.440400000000000347e+01 1.599143981933593750e+00 3.157443761825561523e+00 -7.290818095207214355e-01 -4.941793157180315865e-02 2.578603021913501714e-02 -6.451969917314032132e-01 7.619801772654259953e-01
5.461899999999999977e+01 2.116319656372070312e+00 3.238775730133056641e+00 -7.317207455635070801e-01 -4.836586412121288148e-02 2.637518566515375390e-02 -6.801402122135846717e-01 7.310091548667478900e-01
5.482000000000000028e+01 2.041213035583496094e+00 3.249877214431762695e+00 -7.024434804916381836e-01 -4.983613812253333969e-02 2.323383817731195650e-02 -6.849484468337104781e-01 7.265137116948789942e-01
5.501599999999999824e+01 2.117476224899291992e+00 3.194515228271484375e+00 -7.173691391944885254e-01 -4.897239081190548488e-02 2.446860224843291215e-02 -6.847668843875357458e-01 7.267030387223939458e-01
5.521200000000000330e+01 2.178646087646484375e+00 3.123107433319091797e+00 -7.885742783546447754e-01 -4.531117472857745798e-02 9.586261143694641690e-03 -6.845816909727839850e-01 7.274633388885276553e-01
5.540999999999999659e+01 2.062481164932250977e+00 2.951113462448120117e+00 -8.282985091209411621e-01 -4.702198497213587458e-02 -6.600330005886983348e-03 -6.830087249168926844e-01 7.288651797558269863e-01
5.560699999999999932e+01 2.153541564941406250e+00 2.476181507110595703e+00 -7.711662650108337402e-01 -4.837315682996253668e-02 6.698211146520291481e-03 -6.837653866724406893e-01 7.280659775421648439e-01
5.580400000000000205e+01 2.207636594772338867e+00 1.912388324737548828e+00 -6.927944421768188477e-01 -5.084185792591696534e-02 1.905561749092276810e-02 -6.845879501716564119e-01 7.269053084167497181e-01
5.602199999999999847e+01 2.228762388229370117e+00 1.498208284378051758e+00 -6.850846409797668457e-01 -5.241720723402116394e-02 1.685353765072562793e-02 -6.847640977887488045e-01 7.266818595740518472e-01
5.620199999999999818e+01 2.280915975570678711e+00 1.092851758003234863e+00 -7.082071900367736816e-01 -5.605179327117137261e-02 1.212025209366726988e-02 -6.842902073412490127e-01 7.269513106784679657e-01
5.642300000000000182e+01 2.330147981643676758e+00 5.672046542167663574e-01 -7.122374176979064941e-01 -6.220404106964079471e-02 9.320115404342858151e-03 -6.843666761374807006e-01 7.264200199030812488e-01
5.661500000000000199e+01 2.385228633880615234e+00 1.914811432361602783e-01 -7.046996355056762695e-01 -6.342643548280445243e-02 8.665517217031553504e-03 -6.844730882256250259e-01 7.262221337773884233e-01
5.682099999999999795e+01 2.425074577331542969e+00 -2.815297544002532959e-01 -7.121419906616210938e-01 -6.872597315228105852e-02 4.915968779674415035e-03 -6.842971566806734796e-01 7.259407518688938410e-01
5.700800000000000267e+01 2.385192871093750000e+00 -7.781879901885986328e-01 -6.315504908561706543e-01 -6.198117853802691257e-02 2.691285124655714428e-03 -6.843873650674745512e-01 7.264743801590075600e-01
5.721699999999999875e+01 2.385508060455322266e+00 -1.255761384963989258e+00 -5.838777422904968262e-01 -5.763215199040097603e-02 -1.192067613045074553e-03 -6.847537190217405367e-01 7.264911963111848614e-01
5.742399999999999949e+01 2.432703018188476562e+00 -1.727435827255249023e+00 -5.842219591140747070e-01 -5.496414900914608354e-02 -5.843664543320612609e-03 -6.849394196747911057e-01 7.265003683990571837e-01
5.761299999999999955e+01 2.441655397415161133e+00 -2.140622854232788086e+00 -5.955327749252319336e-01 -5.699689490700279859e-02 -1.018007622684212465e-02 -6.846752299599672131e-01 7.265449397650788343e-01
5.780899999999999750e+01 2.458999872207641602e+00 -2.552507877349853516e+00 -6.109263896942138672e-01 -5.968059862491913170e-02 -1.518684520878863312e-02 -6.843224196107420276e-01 7.265744365847695008e-01
5.801299999999999812e+01 2.414752721786499023e+00 -3.082690477371215820e+00 -5.570299029350280762e-01 -5.085302829312866868e-02 -2.213499178309966814e-02 -6.843241704557235794e-01 7.270656376024562384e-01
5.820900000000000318e+01 2.423985719680786133e+00 -3.510857820510864258e+00 -5.646219849586486816e-01 -5.276140060712613405e-02 -2.806524858854664295e-02 -6.842206500927704438e-01 7.268223155725642703e-01
5.840800000000000125e+01 2.457299470901489258e+00 -3.953286170959472656e+00 -5.189790129661560059e-01 -5.239184487601409451e-02 -2.858597534486918140e-02 -6.842250149201780651e-01 7.268246456756625173e-01
5.861599999999999966e+01 2.500420331954956055e+00 -4.459593772888183594e+00 -4.440357983112335205e-01 -5.278492306097012227e-02 -2.554082320962455799e-02 -6.842829975803010889e-01 7.268550044333049742e-01
5.882500000000000284e+01 2.531399488449096680e+00 -4.969403266906738281e+00 -3.846230506896972656e-01 -5.277418742651323463e-02 -2.411764217891491924e-02 -6.843040439208188941e-01 7.268845850276474119e-01
5.900600000000000023e+01 2.598385810852050781e+00 -5.425099372863769531e+00 -2.808070778846740723e-01 -4.979720931462634781e-02 -1.521638260878204266e-02 -6.849085832371687443e-01 7.267660780834729328e-01
5.921000000000000085e+01 2.635710477828979492e+00 -5.910913467407226562e+00 -2.311481237411499023e-01 -4.930945311247038332e-02 -1.400598503941564987e-02 -6.849646166014624615e-01 7.267708608776470847e-01
5.940500000000000114e+01 2.674650430679321289e+00 -6.435511589050292969e+00 -1.301656514406204224e-01 -4.463643103438640763e-02 -5.371606638561760017e-03 -6.852920557968291693e-01 7.268793112535181233e-01
5.960900000000000176e+01 2.721570253372192383e+00 -6.959091663360595703e+00 -2.354962565004825592e-02 -3.849955021790330001e-02 2.736009932400786104e-03 -6.857936827328641183e-01 7.267718511378690183e-01
5.980299999999999727e+01 2.731261730194091797e+00 -7.424033641815185547e+00 1.133913844823837280e-01 -2.685114844763291861e-02 1.298092199284776871e-02 -6.855016270258940114e-01 7.274599857285009019e-01
6.000300000000000011e+01 2.726831674575805664e+00 -7.653578758239746094e+00 1.434918493032455444e-01 -2.560112631223475377e-02 1.508078029627074601e-02 -6.853204431402463159e-01 7.276352400834206202e-01
6.021699999999999875e+01 2.739924192428588867e+00 -7.635308265686035156e+00 8.032131195068359375e-02 -3.045175105857302056e-02 1.077863119832165630e-02 -6.856155411930039412e-01 7.272467543011666979e-01
6.041499999999999915e+01 2.738805770874023438e+00 -7.612156867980957031e+00 5.056740716099739075e-02 -3.327670628810525111e-02 7.927238700030692781e-03 -6.855187434064022867e-01 7.272509004076345152e-01
6.062199999999999989e+01 2.738141775131225586e+00 -7.618950366973876953e+00 5.682223662734031677e-02 -3.306029037456245656e-02 8.223922182561582001e-03 -6.854639168871867749e-01 7.273091522523009722e-01
6.080299999999999727e+01 2.740006208419799805e+00 -7.634218692779541016e+00 7.400960475206375122e-02 -3.085940422181946211e-02 1.010086554110404926e-02 -6.855418307544025591e-01 7.273087844734840157e-01
6.100800000000000267e+01 2.740638732910156250e+00 -7.634638309478759766e+00 7.408697158098220825e-02 -3.113636884364872140e-02 9.888193029110949744e-03 -6.855635715934157437e-01 7.272794094967428569e-01
6.122899999999999920e+01 2.737813234329223633e+00 -7.615390300750732422e+00 5.127027258276939392e-02 -3.362378242463982120e-02 7.738671320163793832e-03 -6.854915810034168944e-01 7.272625705995701129e-01
6.142399999999999949e+01 2.739662408828735352e+00 -7.610753536224365234e+00 4.976893961429595947e-02 -3.343989189246894533e-02 7.557510449478312131e-03 -6.854651574695602712e-01 7.272978589005035799e-01
6.161699999999999733e+01 2.740169525146484375e+00 -7.629592895507812500e+00 6.759604811668395996e-02 -3.172919911490511280e-02 9.439302912336482512e-03 -6.855409423440289585e-01 7.272810831130674947e-01
6.180400000000000205e+01 2.739760160446166992e+00 -7.628581523895263672e+00 7.058230787515640259e-02 -3.155448818562844870e-02 9.650177533329100735e-03 -6.855345305869290362e-01 7.272919604408376593e-01
6.200500000000000256e+01 2.608980894088745117e+00 -7.622674465179443359e+00 1.007507964968681335e-01 -2.860345266449184840e-02 1.252092047666221800e-02 -6.717737568495724121e-01 7.400980263818427440e-01
6.220900000000000318e+01 2.576428174972534180e+00 -7.591015338897705078e+00 6.128814071416854858e-02 -3.315921983678218887e-02 8.658433848842642111e-03 -6.686529912040231061e-01 7.427844068213963480e-01
6.242600000000000193e+01 2.312529087066650391e+00 -7.611116886138916016e+00 1.135569810867309570e-01 -2.871093310647516300e-02 1.374064654473878752e-02 -6.384573733797397344e-01 7.689987381847462888e-01
6.261999999999999744e+01 3.074318170547485352e+00 -7.678730010986328125e+00 1.842782497406005859e-01 -2.242350946071204956e-02 1.694317349575732642e-02 -5.703907281013252950e-01 8.208925218269429447e-01
6.281400000000000006e+01 3.748091220855712891e+00 -7.885232925415039062e+00 1.521286219358444214e-01 -3.004508593365639094e-02 1.762310899642313688e-02 -4.586025716529102958e-01 8.879585576556355830e-01
6.301400000000000290e+01 3.154848337173461914e+00 -8.320662498474121094e+00 2.612724304199218750e-01 -2.905150137685294509e-02 2.734939885748617627e-02 -3.462124448800819598e-01 9.373072941463973518e-01
6.322599999999999909e+01 3.044397115707397461e+00 -8.277220726013183594e+00 2.227572649717330933e-01 -3.273254565159083862e-02 2.769390769143615857e-02 -3.251243331998554531e-01 9.446987858006880012e-01
6.340999999999999659e+01 3.006655693054199219e+00 -8.198998451232910156e+00 2.047719359397888184e-01 -3.454255509619139769e-02 2.760987900725069694e-02 -3.218904064522555286e-01 9.457436612014025190e-01
6.360499999999999687e+01 2.953340768814086914e+00 -8.148318290710449219e+00 2.053808122873306274e-01 -3.709834866540187570e-02 2.632614868409566961e-02 -3.181766840534454577e-01 9.469394089098398526e-01
6.381199999999999761e+01 2.906642436981201172e+00 -8.087591171264648438e+00 1.725498884916305542e-01 -4.146972977366959051e-02 2.210468440643954466e-02 -3.160981045447032178e-01 9.475619413753574305e-01
6.401399999999999579e+01 2.835043430328369141e+00 -8.060821533203125000e+00 2.896250188350677490e-01 -1.483842843308886238e-02 3.121090248378868837e-02 -3.112395881001573383e-01 9.497029111290687942e-01
6.420300000000000296e+01 2.805456161499023438e+00 -7.912387371063232422e+00 1.729717552661895752e-01 -4.199976835695384825e-02 2.338290166349437857e-02 -3.094153896444008511e-01 9.497112066407140674e-01
6.440600000000000591e+01 2.671695232391357422e+00 -7.714677333831787109e+00 2.191340923309326172e-01 -3.112675791157716240e-02 2.777945895867457715e-02 -3.095558704592372701e-01 9.499655728846708724e-01
6.461100000000000421e+01 2.360318422317504883e+00 -7.429460525512695312e+00 2.584546506404876709e-01 -3.062303612094348718e-02 3.084717875727160247e-02 -3.118789064240297670e-01 9.491270878808608646e-01
6.481499999999999773e+01 2.040823936462402344e+00 -7.023795604705810547e+00 2.370975762605667114e-01 -4.965041048590250472e-02 3.107279873734543341e-02 -3.113120216890894465e-01 9.485009979272882585e-01
6.501200000000000045e+01 1.790803670883178711e+00 -6.567191600799560547e+00 4.687698185443878174e-02 -8.831685192571459009e-02 1.957868372689801351e-02 -3.031419537708666678e-01 9.486420635168120175e-01
6.522799999999999443e+01 1.310865163803100586e+00 -6.660842895507812500e+00 -1.292414590716362000e-02 -1.177491436678972658e-01 8.721168104841348773e-03 -2.261257848988960373e-01 9.669158235318222605e-01
6.540999999999999659e+01 1.170443773269653320e+00 -6.676263332366943359e+00 2.051142044365406036e-02 -1.190644438609010092e-01 1.098215241500533242e-02 -1.873320597486716199e-01 9.749921794182496715e-01
6.560899999999999466e+01 1.048834085464477539e+00 -6.984323024749755859e+00 8.829685300588607788e-02 -1.115091042225794388e-01 1.420465443510368977e-02 -1.272992527343130009e-01 9.854739203658018365e-01
6.580200000000000671e+01 8.204156756401062012e-01 -7.372953414916992188e+00 1.293149292469024658e-01 -1.125338204637788969e-01 1.349881850343435594e-02 -7.080437575305149889e-02 9.910301012204715265e-01
6.601500000000000057e+01 7.506632208824157715e-01 -7.798030853271484375e+00 1.701890975236892700e-01 -1.111435740057001714e-01 1.253170981284334497e-02 -2.147410380593834430e-03 9.937230252112825291e-01
6.620099999999999341e+01 9.287055730819702148e-01 -8.214079856872558594e+00 2.581181228160858154e-01 -8.276374013897405679e-02 2.562304400521066977e-02 5.594653245912208084e-02 9.946675869052513663e-01
6.640699999999999648e+01 1.324613571166992188e+00 -8.682431221008300781e+00 3.429470360279083252e-01 -4.806081691566253811e-02 4.384293351941910555e-02 1.284588487193238648e-01 9.895788393268708516e-01
6.662399999999999523e+01 1.653169155120849609e+00 -8.975111007690429688e+00 1.294347643852233887e-01 -6.169247934685948009e-02 1.879585617711346246e-02 2.069078550161407848e-01 9.762324996204676530e-01
6.680899999999999750e+01 2.177579641342163086e+00 -9.290239334106445312e+00 1.292682886123657227e-01 -4.965597270766693161e-02 2.547379948324532753e-02 2.796216065394616090e-01 9.584868945742729407e-01
6.701999999999999602e+01 2.549394845962524414e+00 -9.426644325256347656e+00 1.291663050651550293e-01 -4.647980380431688402e-02 2.733557370567186659e-02 3.259003506195713995e-01 9.438651152121974031e-01
6.720999999999999375e+01 2.904102325439453125e+00 -9.341105461120605469e+00 1.270562857389450073e-01 -4.751925029684880841e-02 3.016415652379473428e-02 3.512792741053293866e-01 9.345773997355524276e-01
6.741299999999999670e+01 3.130794048309326172e+00 -9.348935127258300781e+00 1.088802292943000793e-01 -4.750491241758054289e-02 2.886696348404552831e-02 3.756156759461583561e-01 9.251069374396233558e-01
6.760599999999999454e+01 3.439465999603271484e+00 -9.202104568481445312e+00 8.983717113733291626e-02 -4.731958852537648808e-02 2.998027837232708839e-02 3.940131222996011151e-01 9.173961515649748932e-01
6.780599999999999739e+01 3.780288696289062500e+00 -8.861316680908203125e+00 5.237028747797012329e-02 -4.641139556704296232e-02 3.142644746040905435e-02 3.955883530902436496e-01 9.167159950938384982e-01
6.802100000000000080e+01 4.151731014251708984e+00 -8.508470535278320312e+00 3.165886551141738892e-02 -4.429494040464349025e-02 3.556985993080263864e-02 3.951160886623841795e-01 9.168729572842635456e-01
6.820399999999999352e+01 4.510577201843261719e+00 -8.191633224487304688e+00 2.408905886113643646e-02 -3.991792773918592663e-02 4.350972372682888889e-02 3.944213393233313436e-01 9.170306810966650790e-01
6.841500000000000625e+01 4.853563785552978516e+00 -7.832032203674316406e+00 -4.468366876244544983e-02 -3.883181404244935575e-02 4.229560732178243299e-02 3.937554791063765935e-01 9.174201842630027581e-01
6.860500000000000398e+01 5.200872898101806641e+00 -7.529917716979980469e+00 -6.495608389377593994e-02 -3.434513770139938083e-02 4.695871734845267348e-02 3.932531610721671234e-01 9.175877296956450602e-01
6.880599999999999739e+01 5.505727767944335938e+00 -7.195124626159667969e+00 -1.268209517002105713e-01 -3.363031502557684710e-02 4.343533531457655084e-02 3.929694323169965475e-01 9.179092541323723431e-01
6.901300000000000523e+01 5.875135898590087891e+00 -6.857185840606689453e+00 -1.763935089111328125e-01 -2.925880546711718058e-02 4.462766385617213116e-02 3.926141658356979702e-01 9.181538055829846501e-01
6.922700000000000387e+01 6.160919189453125000e+00 -6.529193878173828125e+00 -2.545282244682312012e-01 -2.913262210148004697e-02 3.720209260718665423e-02 3.927343674679913965e-01 9.184372658187683891e-01
6.942199999999999704e+01 6.440424919128417969e+00 -6.289262294769287109e+00 -2.848540246486663818e-01 -2.341437531860725979e-02 3.962278227818311765e-02 3.929290493917941274e-01 9.184163349467583393e-01
6.962399999999999523e+01 6.443034172058105469e+00 -6.135607242584228516e+00 -2.369266599416732788e-01 -2.077282465465908265e-02 4.552574365862836758e-02 3.736273056075078980e-01 9.262281214283387687e-01
6.980299999999999727e+01 6.060125827789306641e+00 -5.907769203186035156e+00 -3.528272807598114014e-01 -3.022927857130209769e-02 2.549242300616610252e-02 3.244531757217967716e-01 9.450748456341298009e-01
7.002800000000000580e+01 6.063711166381835938e+00 -5.885451793670654297e+00 -2.900270819664001465e-01 -3.322714000915454047e-02 2.954928456899843722e-02 3.198049140616611163e-01 9.464394401599532936e-01
7.021500000000000341e+01 6.108595371246337891e+00 -5.878279209136962891e+00 -2.837225794792175293e-01 -2.376801685626006577e-02 3.675467706344123092e-02 3.047879076488775318e-01 9.514139511483432621e-01
7.041400000000000148e+01 6.206839084625244141e+00 -5.756718158721923828e+00 -3.615475893020629883e-01 -3.216023551655303875e-02 2.466691239677464703e-02 3.025394879309853957e-01 9.522747087509919606e-01
7.060899999999999466e+01 6.422955036163330078e+00 -5.811501026153564453e+00 -2.744660377502441406e-01 -1.931461373741098775e-02 4.201527214340363553e-02 3.095732075636047909e-01 9.497505418591092319e-01
7.079999999999999716e+01 6.495333194732666016e+00 -5.764729022979736328e+00 -3.935736119747161865e-01 -3.085001164386199507e-02 2.129361350154971785e-02 3.208077711981959790e-01 9.464022573644179648e-01
7.101200000000000045e+01 6.841968059539794922e+00 -5.511632919311523438e+00 -4.513586759567260742e-01 -2.777414763538925413e-02 1.676689873344818990e-02 3.234905332813088896e-01 9.456750724785781825e-01
7.122299999999999898e+01 7.361595153808593750e+00 -5.265949249267578125e+00 -4.289022088050842285e-01 -1.241818272746039384e-02 3.166614995564858565e-02 3.217928137823281021e-01 9.461989371600380005e-01
7.140500000000000114e+01 7.601443290710449219e+00 -5.024336338043212891e+00 -5.452907681465148926e-01 -1.563087095091923728e-02 1.456395467378085104e-02 3.223773525439839194e-01 9.463701229774255097e-01
7.160699999999999932e+01 7.939941883087158203e+00 -4.752143383026123047e+00 -6.213978528976440430e-01 -1.450077056606528803e-02 7.795108312229809960e-03 3.227039623743308550e-01 9.463567596880667621e-01
7.180899999999999750e+01 8.398657798767089844e+00 -4.490943908691406250e+00 -6.032789349555969238e-01 -6.068987685265879277e-03 1.641198397989013236e-02 3.226073389942883951e-01 9.463711317434320147e-01
7.201999999999999602e+01 8.721675872802734375e+00 -4.197552680969238281e+00 -6.840977668762207031e-01 -8.760313979128115866e-03 5.837034140701800530e-03 3.225956885080005776e-01 9.464783186568388462e-01
7.220999999999999375e+01 9.087366104125976562e+00 -3.940087795257568359e+00 -7.029379010200500488e-01 -4.834860660119351394e-03 6.442232616877514341e-03 3.229812593053150160e-01 9.463710836130084791e-01
7.241100000000000136e+01 9.450323104858398438e+00 -3.655556678771972656e+00 -7.375719547271728516e-01 -4.608798797393167876e-03 3.640279553955141044e-03 3.227333970193661528e-01 9.464716909589818705e-01
7.262099999999999511e+01 9.845970153808593750e+00 -3.378126621246337891e+00 -7.499185800552368164e-01 -2.485644957959289979e-03 4.617437999223351040e-03 3.226903566606071361e-01 9.464900604621879765e-01
7.279999999999999716e+01 1.018098163604736328e+01 -3.112519741058349609e+00 -7.630842924118041992e-01 -1.903439287290621023e-03 3.352620297107144608e-03 3.226980860837687093e-01 9.464941004009986836e-01
7.300600000000000023e+01 1.057225608825683594e+01 -2.815602302551269531e+00 -7.697905898094177246e-01 -2.034265976349912755e-03 2.953823731088898140e-03 3.225269630268273180e-01 9.465534822755630184e-01
7.321999999999999886e+01 1.096229553222656250e+01 -2.515766382217407227e+00 -7.692679762840270996e-01 -1.873264849787459937e-03 3.529494104886278256e-03 3.225373044646037690e-01 9.465483193048697119e-01
7.340000000000000568e+01 1.111380481719970703e+01 -2.403677701950073242e+00 -7.805516719818115234e-01 -1.143558137638618633e-03 1.161652900978440289e-03 3.197023865934375264e-01 9.475166103260584949e-01
7.360999999999999943e+01 1.111752605438232422e+01 -2.404673814773559570e+00 -7.805642485618591309e-01 -1.113440625397763353e-03 1.282701053924147289e-03 3.196100089733399097e-01 9.475476542591626528e-01
7.381900000000000261e+01 1.110315132141113281e+01 -2.398153781890869141e+00 -7.810571193695068359e-01 -9.343826133709602372e-04 1.624931109491460851e-03 3.186414701107520009e-01 9.478734620473768802e-01
7.400199999999999534e+01 1.110134696960449219e+01 -2.395873785018920898e+00 -7.817463278770446777e-01 -8.462211306562639939e-04 1.456323827357149407e-03 3.185968605321241043e-01 9.478888138857753942e-01
7.421099999999999852e+01 1.084897232055664062e+01 -2.350677013397216797e+00 -7.675937414169311523e-01 -3.201853037625452397e-03 2.483346618384717989e-03 2.962732561968633993e-01 9.550946229506298568e-01
7.440300000000000580e+01 1.036345291137695312e+01 -2.049352645874023438e+00 -7.746897339820861816e-01 -2.188469557011259344e-03 2.903060559940565111e-03 2.232642919109010249e-01 9.747511676309535966e-01
7.461799999999999500e+01 9.790673255920410156e+00 -2.840649366378784180e+00 -8.824107050895690918e-01 -1.678187140513574815e-02 1.020394966156439216e-02 1.072721912659130861e-01 9.940356760119102297e-01
7.481100000000000705e+01 9.428438186645507812e+00 -2.206774950027465820e+00 -8.675425052642822266e-01 -1.517031121937222581e-02 8.352812605370610669e-03 1.189470287773856591e-02 9.997792797525547615e-01
7.502100000000000080e+01 9.284376144409179688e+00 -2.002340078353881836e+00 -8.666058778762817383e-01 -1.477004140800088940e-02 8.036365796872809233e-03 -2.158565671661777027e-02 9.996255909717883803e-01
7.520300000000000296e+01 9.230270385742187500e+00 -2.037623643875122070e+00 -8.685534000396728516e-01 -1.538380926590255000e-02 7.843863610449251442e-03 -1.674466607220512215e-02 9.997106723318809340e-01
7.540500000000000114e+01 9.229451179504394531e+00 -2.036334276199340820e+00 -8.681743144989013672e-01 -1.496773305056877182e-02 7.780340663329432353e-03 -1.674576367572216951e-02 9.997174664200912941e-01
7.562099999999999511e+01 9.223746299743652344e+00 -2.073666095733642578e+00 -8.674150705337524414e-01 -1.500655593648265833e-02 7.856302006633971921e-03 -1.034897399947385180e-02 9.998029708571904983e-01
7.582599999999999341e+01 9.217588424682617188e+00 -2.092363357543945312e+00 -8.680034875869750977e-01 -1.510723582368619748e-02 7.743986959570289992e-03 -7.526642905089105280e-03 9.998275610015543435e-01
7.600900000000000034e+01 9.266551971435546875e+00 -2.093181610107421875e+00 -8.659824132919311523e-01 -1.485605966367260777e-02 7.687055198231504925e-03 -7.449954428491121008e-03 9.998323383711200663e-01
7.620600000000000307e+01 9.370352745056152344e+00 -2.100357532501220703e+00 -8.679496049880981445e-01 -1.490086962121567153e-02 7.837669924361434851e-03 -7.142552750663036867e-03 9.998327454904107903e-01
7.641200000000000614e+01 9.393638610839843750e+00 -2.106057167053222656e+00 -8.701944947242736816e-01 -1.495458989182043424e-02 7.829732137281695398e-03 -7.151610753300710090e-03 9.998319408777953665e-01
7.661499999999999488e+01 9.571226119995117188e+00 -2.116086483001708984e+00 -8.713378906250000000e-01 -1.486786454832562943e-02 7.918359475751356527e-03 -6.974774331199465847e-03 9.998337855413841346e-01
7.680400000000000205e+01 9.921355247497558594e+00 -2.126102447509765625e+00 -8.755056262016296387e-01 -1.501319941333892002e-02 8.207947186496814679e-03 -6.858040149428377801e-03 9.998300859304384280e-01
7.700300000000000011e+01 1.037716865539550781e+01 -2.119502067565917969e+00 -8.780586719512939453e-01 -1.427671324060979241e-02 8.322785493133285153e-03 -6.714015794558308298e-03 9.998409016901592672e-01
7.721200000000000330e+01 1.085957050323486328e+01 -2.124253034591674805e+00 -8.817338943481445312e-01 -1.409881441567275781e-02 8.492631074882645709e-03 -6.676661704491762203e-03 9.998422479761405191e-01
7.742400000000000659e+01 1.135680866241455078e+01 -2.118588924407958984e+00 -8.849319219589233398e-01 -1.367532353875164537e-02 8.447575073188721279e-03 -6.498343199927123642e-03 9.998496864714963017e-01
7.762000000000000455e+01 1.182832813262939453e+01 -2.125362634658813477e+00 -8.926684260368347168e-01 -1.320156768264190046e-02 8.261342225274873052e-03 -6.490976039382984585e-03 9.998576579020703736e-01
7.780599999999999739e+01 1.226040935516357422e+01 -2.126243591308593750e+00 -8.985219001770019531e-01 -1.269875482154782763e-02 8.419155216130609284e-03 -6.337363393783911232e-03 9.998638393684632364e-01
7.801000000000000512e+01 1.274137687683105469e+01 -2.127231597900390625e+00 -9.037681221961975098e-01 -1.252672545907123486e-02 8.526984193918890967e-03 -6.289570167095694456e-03 9.998653974395467214e-01
7.820600000000000307e+01 1.322160053253173828e+01 -2.133368492126464844e+00 -9.105222821235656738e-01 -1.223455731726151227e-02 8.271461268519368984e-03 -6.458259587927609423e-03 9.998700862706260128e-01
7.841400000000000148e+01 1.368122482299804688e+01 -2.109935760498046875e+00 -9.089712500572204590e-01 -1.249021835009833138e-02 8.632957608479234143e-03 -5.816318279568858524e-03 9.998678097279498633e-01
7.861299999999999955e+01 1.412049579620361328e+01 -2.107409000396728516e+00 -9.337929487228393555e-01 -1.186950658793761021e-02 6.564839706246728031e-03 -5.219644923016967392e-03 9.998943809222391454e-01
7.880800000000000693e+01 1.458113098144531250e+01 -2.095114946365356445e+00 -9.515390992164611816e-01 -9.706157899626463581e-03 8.898155512249621233e-04 -5.776636612126061568e-03 9.999358125382667994e-01
7.901600000000000534e+01 1.504901313781738281e+01 -2.067902565002441406e+00 -9.536970257759094238e-01 -1.241288599036767352e-02 -4.229792055143801214e-04 -5.285125226734379428e-03 9.999089002510775925e-01
7.921099999999999852e+01 1.552713012695312500e+01 -2.061535835266113281e+00 -9.432647824287414551e-01 -1.561287788207714987e-02 -8.807371944338715985e-04 -4.703888516131143720e-03 9.998666589996195730e-01
7.940300000000000580e+01 1.604184532165527344e+01 -2.058378458023071289e+00 -9.115794301033020020e-01 -2.191104370514385807e-02 5.547555450908756318e-04 -5.148382562639330917e-03 9.997465141559760404e-01
7.961400000000000432e+01 1.654833793640136719e+01 -2.000679731369018555e+00 -8.951537013053894043e-01 -2.672710612344962253e-02 6.607257101252367662e-03 -5.002738755609089684e-03 9.996084126080606591e-01
7.980700000000000216e+01 1.700794792175292969e+01 -2.006021499633789062e+00 -8.981292247772216797e-01 -2.740446226343090999e-02 7.654819329136709413e-03 -4.976695947453584068e-03 9.995827287856353660e-01
8.001200000000000045e+01 1.748764228820800781e+01 -2.010047674179077148e+00 -9.035072922706604004e-01 -2.707564955718325117e-02 7.636469981752554148e-03 -4.953871655031174583e-03 9.995919430862273414e-01
8.021299999999999386e+01 1.777840042114257812e+01 -1.965811252593994141e+00 -9.363200664520263672e-01 -2.402059624217536132e-02 1.491295826230681215e-03 -1.532277871256671094e-02 9.995929168643877816e-01
8.041100000000000136e+01 1.778519248962402344e+01 -1.975465655326843262e+00 -9.374346733093261719e-01 -2.370141265207433359e-02 9.733269157497508213e-04 -1.598836029702794051e-02 9.995907502613373685e-01
8.060899999999999466e+01 1.778385734558105469e+01 -1.987985372543334961e+00 -9.337126612663269043e-01 -2.380941268312410791e-02 1.153434706898326390e-03 -1.540082750440033635e-02 9.995972168669945424e-01
8.081300000000000239e+01 1.778449440002441406e+01 -1.992347836494445801e+00 -9.335672855377197266e-01 -2.402640649378260176e-02 1.065020654269024231e-03 -1.540815072313525720e-02 9.995920099787186652e-01
8.101300000000000523e+01 1.778440093994140625e+01 -1.992663383483886719e+00 -9.335919618606567383e-01 -2.435580625080360079e-02 1.260985013686055818e-03 -1.538062580844653041e-02 9.995842340535434634e-01
8.120000000000000284e+01 1.778088188171386719e+01 -1.993734478950500488e+00 -9.351962208747863770e-01 -2.426988609969209579e-02 1.584401381625166185e-03 -1.522350625656385299e-02 9.995882688178299169e-01
8.140300000000000580e+01 1.777395439147949219e+01 -1.996063351631164551e+00 -9.388614296913146973e-01 -2.442759749302679181e-02 1.783244908381708847e-03 -1.507106124064321040e-02 9.995864022841627339e-01
8.161100000000000421e+01 1.777443504333496094e+01 -1.992629170417785645e+00 -9.354152679443359375e-01 -2.431519490061690922e-02 1.932599996733397330e-03 -1.505437700088038330e-02 9.995891166310849618e-01
8.180800000000000693e+01 1.777159309387207031e+01 -1.992126941680908203e+00 -9.366596341133117676e-01 -2.429848103380917793e-02 1.845631003059129693e-03 -1.497297419440376740e-02 9.995909100774295064e-01
8.200799999999999557e+01 1.777309989929199219e+01 -1.994231343269348145e+00 -9.354887604713439941e-01 -2.459279675648824368e-02 1.898420384806902544e-03 -1.504095532443778215e-02 9.995825928909851665e-01
8.220799999999999841e+01 1.777726173400878906e+01 -1.991450190544128418e+00 -9.336428642272949219e-01 -2.427665781444278414e-02 1.733763150586938896e-03 -1.510578425076757395e-02 9.995896424197618924e-01
8.240999999999999659e+01 1.777979087829589844e+01 -1.992181897163391113e+00 -9.316094517707824707e-01 -2.431556288840215629e-02 1.699708309768141554e-03 -1.511741996483355506e-02 9.995885793698769950e-01
8.262099999999999511e+01 1.777304649353027344e+01 -1.993927955627441406e+00 -9.318009018898010254e-01 -2.448299042537433606e-02 2.006560073480891625e-03 -1.500062017054750417e-02 9.995856833163434541e-01
8.280200000000000671e+01 1.777403259277343750e+01 -1.993562817573547363e+00 -9.327163100242614746e-01 -2.466825144035464726e-02 2.148058354406137248e-03 -1.497304025981011782e-02 9.995812479641459358e-01
8.300499999999999545e+01 1.777001953125000000e+01 -1.994369387626647949e+00 -9.342775344848632812e-01 -2.483039465274756302e-02 2.029408442166558916e-03 -1.488790712989898103e-02 9.995787528874626737e-01
8.321399999999999864e+01 1.776770019531250000e+01 -1.994461297988891602e+00 -9.334248900413513184e-01 -2.482283048304107995e-02 2.309325196632527194e-03 -1.478979271867666111e-02 9.995797897793277098e-01
8.340300000000000580e+01 1.777072715759277344e+01 -1.994320750236511230e+00 -9.328762292861938477e-01 -2.469929499260825959e-02 2.083568314692146525e-03 -1.480298833354544603e-02 9.995831506714901726e-01
8.361499999999999488e+01 1.776546478271484375e+01 -1.993866324424743652e+00 -9.343382120132446289e-01 -2.503788695740662845e-02 2.388567638419052293e-03 -1.475437655574816757e-02 9.995747632537528293e-01
8.380299999999999727e+01 1.776492118835449219e+01 -1.991402506828308105e+00 -9.320555329322814941e-01 -2.478695729786434959e-02 2.474183077266267627e-03 -1.465628621354605164e-02 9.995822519635093606e-01
8.400700000000000500e+01 1.776498031616210938e+01 -1.994944453239440918e+00 -9.332097172737121582e-01 -2.495656006988336562e-02 2.654146177744509671e-03 -1.467943850610517464e-02 9.995772304843137945e-01
8.421299999999999386e+01 1.776485252380371094e+01 -1.993333458900451660e+00 -9.340355992317199707e-01 -2.512685383822038654e-02 2.682166137987099762e-03 -1.459980453841766557e-02 9.995740557399640513e-01
8.442300000000000182e+01 1.776468467712402344e+01 -1.994674444198608398e+00 -9.334008693695068359e-01 -2.508854038650242327e-02 2.799261433430567849e-03 -1.467738240897409341e-02 9.995735609360237861e-01
8.460800000000000409e+01 1.776553916931152344e+01 -1.997275948524475098e+00 -9.343403577804565430e-01 -2.522881363753505524e-02 2.839391867786289578e-03 -1.464990110731894876e-02 9.995703202945801502e-01
8.481399999999999295e+01 1.776543998718261719e+01 -1.994938015937805176e+00 -9.317155480384826660e-01 -2.511533171262556735e-02 2.824781252886927278e-03 -1.464524329127172252e-02 9.995732877447144338e-01
8.501500000000000057e+01 1.776339721679687500e+01 -1.994736909866333008e+00 -9.333126544952392578e-01 -2.504489223390847508e-02 3.146209170998961156e-03 -1.451658377669255012e-02 9.995759718682211137e-01
8.520999999999999375e+01 1.776285171508789062e+01 -1.990693807601928711e+00 -9.314230084419250488e-01 -2.500432791822200171e-02 2.784592197414241001e-03 -1.447162207006037933e-02 9.995787121514311258e-01
8.542199999999999704e+01 1.776197624206542969e+01 -1.989271998405456543e+00 -9.316641092300415039e-01 -2.491061311929725769e-02 2.789863638461382352e-03 -1.447550562651211958e-02 9.995809810874535239e-01
8.561799999999999500e+01 1.776368522644042969e+01 -1.991969585418701172e+00 -9.312158823013305664e-01 -2.529021125739827972e-02 2.772611865904217598e-03 -1.442992279941096058e-02 9.995721560577807141e-01
8.580800000000000693e+01 1.776073074340820312e+01 -1.991076707839965820e+00 -9.319297075271606445e-01 -2.519141677399763801e-02 2.998885756686381267e-03 -1.442383519452619840e-02 9.995740853900815237e-01
8.600100000000000477e+01 1.776151657104492188e+01 -1.989897370338439941e+00 -9.333864450454711914e-01 -2.513633124811286840e-02 3.375108254663775238e-03 -1.434338974201461794e-02 9.995754302034253191e-01
8.620099999999999341e+01 1.775923156738281250e+01 -1.994189858436584473e+00 -9.336305856704711914e-01 -2.523883559113200906e-02 3.157858842873586831e-03 -1.428913424223515055e-02 9.995743342784166874e-01
8.641599999999999682e+01 1.776116180419921875e+01 -1.992002129554748535e+00 -9.335317015647888184e-01 -2.520597210833832452e-02 3.335857855986311144e-03 -1.431367426836241928e-02 9.995742342374465128e-01
8.660999999999999943e+01 1.776102447509765625e+01 -1.992946743965148926e+00 -9.331411719322204590e-01 -2.532436362361597734e-02 3.418804344091310246e-03 -1.428342753490598888e-02 9.995713941894150967e-01
8.681399999999999295e+01 1.776264762878417969e+01 -1.994808793067932129e+00 -9.318701028823852539e-01 -2.535575688198805910e-02 3.264209635076679300e-03 -1.433040780751579021e-02 9.995704427105026602e-01
