0.000000000000000000e+00 -1.682154938630435193e-01 -5.747100668738275991e-02 1.179055048792976290e+00 4.062104225662093587e-02 -5.984787605640117664e-02 -4.511643215978874619e-03 9.973704465909419836e-01
0.000000000000000000e+00 -1.683971891923269626e-01 -5.748969890777288344e-02 1.179032322621337281e+00 4.061653908102464544e-02 -5.984542211501100301e-02 -4.517081303246366433e-03 9.973707526198348772e-01
0.000000000000000000e+00 -1.685757589124747269e-01 -5.750727296799747895e-02 1.179014671261990443e+00 4.061243607299049041e-02 -5.983795247440262116e-02 -4.523772764498716625e-03 9.973713375467853082e-01
0.000000000000000000e+00 -1.687674014463411698e-01 -5.752320397166423016e-02 1.178990052320081805e+00 4.061505119628021354e-02 -5.983824109714600686e-02 -4.533863606698378991e-03 9.973711679207092340e-01
0.000000000000000000e+00 -1.689593142549559168e-01 -5.753600639634777469e-02 1.178960267362339387e+00 4.060789676990700370e-02 -5.983134021739992814e-02 -4.542968999556895246e-03 9.973718318061641774e-01
0.000000000000000000e+00 -1.691490003290987143e-01 -5.755190987586732143e-02 1.178932500356097091e+00 4.060847803059972061e-02 -5.982886318630936673e-02 -4.553353377255525865e-03 9.973719093772863697e-01
0.000000000000000000e+00 -1.693419418169829216e-01 -5.756466124306756221e-02 1.178908109377886371e+00 4.060342413720374050e-02 -5.982479709339418028e-02 -4.562215660909768426e-03 9.973723185397378455e-01
0.000000000000000000e+00 -1.695343256746080773e-01 -5.758187609200412366e-02 1.178880519820889150e+00 4.060241800756013431e-02 -5.982278249142524568e-02 -4.571239952630383810e-03 9.973724390177514110e-01
0.000000000000000000e+00 -1.697273091083934815e-01 -5.759426521276261174e-02 1.178864839262441455e+00 4.060276127482904951e-02 -5.981950581700753306e-02 -4.581047280503602534e-03 9.973725765763172824e-01
0.000000000000000000e+00 -1.699154848905076176e-01 -5.760868946841706667e-02 1.178834120467186164e+00 4.059934742590072532e-02 -5.981540333292590522e-02 -4.590523441239541431e-03 9.973729180237680403e-01
0.000000000000000000e+00 -1.701196738627399896e-01 -5.762553631892963768e-02 1.178813464419066204e+00 4.059778122836657510e-02 -5.981175165087731366e-02 -4.599896536631925548e-03 9.973731575872892829e-01
0.000000000000000000e+00 -1.702981845751448398e-01 -5.763710343383383200e-02 1.178788076405371088e+00 4.059368872577623355e-02 -5.980756783511031321e-02 -4.608495641722376406e-03 9.973735353583450536e-01
0.000000000000000000e+00 -1.704859903059715021e-01 -5.765111189519060014e-02 1.178762448517025607e+00 4.059112140645547429e-02 -5.980265116815101922e-02 -4.618537712680319089e-03 9.973738882112482829e-01
0.000000000000000000e+00 -1.706778775855753438e-01 -5.766870298716283982e-02 1.178736903545799297e+00 4.058908484497220776e-02 -5.980078301160410281e-02 -4.627655540027589103e-03 9.973740408426767790e-01
0.000000000000000000e+00 -1.708708268480358394e-01 -5.768320124162400198e-02 1.178721782730639989e+00 4.059021288305535158e-02 -5.979703262591951757e-02 -4.637510777731901519e-03 9.973741740194748129e-01
0.000000000000000000e+00 -1.710627619318795256e-01 -5.769802109003002721e-02 1.178690550733157982e+00 4.058554978476398151e-02 -5.979386308817813411e-02 -4.646973056237366749e-03 9.973745097640481783e-01
0.000000000000000000e+00 -1.712490614036172309e-01 -5.771317130653980110e-02 1.178675994175594210e+00 4.058248548013836804e-02 -5.978657115701195568e-02 -4.654920262047160771e-03 9.973750345275822493e-01
0.000000000000000000e+00 -1.714415702699947919e-01 -5.772818095792514592e-02 1.178651795255849732e+00 4.058369063403656496e-02 -5.978552294971750669e-02 -4.665409904718973919e-03 9.973749993109766177e-01
0.000000000000000000e+00 -1.716253383118147013e-01 -5.774771031315535652e-02 1.178630149592144294e+00 4.058089668446075715e-02 -5.978052833551034118e-02 -4.672244038639764875e-03 9.973753803818579122e-01
0.000000000000000000e+00 -1.718060203573284206e-01 -5.776070582796061226e-02 1.178600410300846502e+00 4.057499034053280856e-02 -5.977678178952523097e-02 -4.679877668114456810e-03 9.973758094433435861e-01
0.000000000000000000e+00 -1.719979529830386600e-01 -5.777732436121704035e-02 1.178574788188699873e+00 4.057635217304229880e-02 -5.977381204539383708e-02 -4.690252556245492165e-03 9.973758832901716831e-01
0.000000000000000000e+00 -1.721907765117908773e-01 -5.779020097309426479e-02 1.178554584156510376e+00 4.057123926890855020e-02 -5.976969984294987215e-02 -4.699091949582121126e-03 9.973762961188310516e-01
0.000000000000000000e+00 -1.723753537354860144e-01 -5.780452377317144008e-02 1.178528641780347996e+00 4.056905379253974986e-02 -5.976581669449873568e-02 -4.705716587289081494e-03 9.973765864810630877e-01
0.000000000000000000e+00 -1.725679419277100224e-01 -5.782191761819743814e-02 1.178500345239557490e+00 4.056809411313170438e-02 -5.976402920580939360e-02 -4.714808227818487185e-03 9.973766896897532375e-01
0.000000000000000000e+00 -1.727521872075304943e-01 -5.783989231523414126e-02 1.178492911483383976e+00 4.056518624477704893e-02 -5.975695645393675620e-02 -4.723124445409396417e-03 9.973771923980226939e-01
0.000000000000000000e+00 -1.729442180436836507e-01 -5.785360102383461933e-02 1.178455841794296521e+00 4.056222872945583480e-02 -5.975536923760389751e-02 -4.732061844187002500e-03 9.973773654131519173e-01
0.000000000000000000e+00 -1.731337090170889659e-01 -5.787128333951035292e-02 1.178430181554599221e+00 4.056249817886978248e-02 -5.975228778957195064e-02 -4.741078337856263064e-03 9.973774962478328954e-01
0.000000000000000000e+00 -1.469672615474565402e-01 -5.028270436188381209e-02 1.189656880121028992e+00 3.319223721251415848e-02 -6.470865974300629708e-02 -4.718904962678746942e-03 9.973408628342895765e-01
0.000000000000000000e+00 -8.576187858904231465e-02 -3.657484628913160174e-02 1.203464608054872320e+00 2.384548496136469631e-02 -7.445662558135600351e-02 -5.583949956800324244e-03 9.969234791381309524e-01
0.000000000000000000e+00 -5.728884877689076338e-02 -4.307037030911563952e-02 1.200986813734760350e+00 2.837991064690868065e-02 -7.157721998089400239e-02 -5.333128385357042631e-03 9.970169707648438573e-01
0.000000000000000000e+00 -4.396384735673285193e-02 -5.742418618567658728e-02 1.197725981105232318e+00 3.740386124184639366e-02 -6.374122584441693773e-02 -4.535059777052422546e-03 9.972549526198756231e-01
0.000000000000000000e+00 -6.312873107087710323e-03 -7.079677845947390802e-02 1.196256071967241708e+00 4.139329638372919035e-02 -6.192076174391643317e-02 -2.998257307262753267e-03 9.972178421652220237e-01
0.000000000000000000e+00 7.669066088740457421e-02 -6.781448442090527717e-02 1.204790937778447146e+00 3.814064862512582532e-02 -6.320227405813153010e-02 -2.583931528868562907e-03 9.972683123283270223e-01
0.000000000000000000e+00 1.936528506696574836e-01 -6.705368294644747929e-02 1.216638849850413484e+00 3.711518377955080189e-02 -6.963296652108948159e-02 -2.464251781959404114e-03 9.968789498076674471e-01
0.000000000000000000e+00 3.643337565719367843e-01 -6.082066465390941618e-02 1.248544966003134471e+00 3.173804713724143883e-02 -7.624626158222630457e-02 -2.696607318025597347e-03 9.965801183385214479e-01
0.000000000000000000e+00 5.634290991208905641e-01 -7.036856243089321949e-02 1.268180477478905166e+00 3.716885967341653635e-02 -7.680518352644975788e-02 -2.884151850123948396e-03 9.963488953785976099e-01
0.000000000000000000e+00 7.916717604175586009e-01 -8.825014182223689385e-02 1.288255412755462626e+00 4.461255373645001826e-02 -7.077461680612917583e-02 -1.990192840433523992e-03 9.964922040826590388e-01
0.000000000000000000e+00 9.990045973819154934e-01 -8.843423306489649194e-02 1.313704997770588134e+00 4.287736412622109722e-02 -6.794569014497343906e-02 -8.547722986661516597e-04 9.967668655210345507e-01
0.000000000000000000e+00 1.138138226389977303e+00 -8.355423007157981863e-02 1.337892592823592297e+00 3.922530576519356327e-02 -5.865767910149321390e-02 3.522771684252606786e-04 9.975071568519444654e-01
0.000000000000000000e+00 1.212980751374354904e+00 -7.280637832175600177e-02 1.355705117967441531e+00 3.207822872904293049e-02 -4.418441468114092663e-02 7.216220738561005942e-04 9.985079889527548325e-01
0.000000000000000000e+00 1.237728184529161002e+00 -6.215507176685838159e-02 1.368499025735188557e+00 2.518680296433183433e-02 -2.992248289573830669e-02 8.905023448731987307e-04 9.992344454527997133e-01
0.000000000000000000e+00 1.243714123044098452e+00 -5.875657330835008796e-02 1.373955528182618124e+00 2.298914255612233976e-02 -2.617516576650106425e-02 9.093762262620065694e-04 9.993925820499718338e-01
0.000000000000000000e+00 1.233644422148716169e+00 -6.406213417810213695e-02 1.364958158852178860e+00 2.653424045510339307e-02 -3.282490672777379354e-02 8.406948730210618125e-04 9.991084790021124151e-01
0.000000000000000000e+00 1.209590721875728470e+00 -7.590162766858188359e-02 1.353457670919281375e+00 3.422898878179082838e-02 -4.814223134773307905e-02 7.237401087296500184e-04 9.982535640247384157e-01
0.000000000000000000e+00 1.177718335426647167e+00 -9.058377114792037776e-02 1.344856208007791487e+00 4.343827529380530489e-02 -6.809718022296916418e-02 5.098417768640377528e-04 9.967324768194033568e-01
0.000000000000000000e+00 1.150280314974988505e+00 -9.792288858594323797e-02 1.351219825386514639e+00 4.352477702268896242e-02 -8.096118551763760440e-02 -3.246820840271447996e-04 9.957664258279891323e-01
0.000000000000000000e+00 1.108085477833961496e+00 -1.003388143787672659e-01 1.328761362250549194e+00 4.468186402913638250e-02 -7.255608121674780864e-02 1.481805560882648804e-03 9.963618571370695953e-01
0.000000000000000000e+00 1.013079970360875270e+00 -9.164842379633050817e-02 1.324831867001828201e+00 3.916186930504451935e-02 -5.839234361265852741e-02 1.253910041940633265e-03 9.975244908820847245e-01
0.000000000000000000e+00 9.206015787935160066e-01 -9.184956485835431284e-02 1.314842700538249032e+00 3.985592246486135276e-02 -5.920173192452038435e-02 5.582344594794669615e-04 9.974499229314224280e-01
0.000000000000000000e+00 8.668548514866797339e-01 -1.001785778940769839e-01 1.299449399542197181e+00 4.490868103269527595e-02 -7.467081777875196613e-02 -2.846333099788715204e-04 9.961964657255290012e-01
0.000000000000000000e+00 8.273332883491557599e-01 -1.009537227828527783e-01 1.287729431630822097e+00 4.364889117113538580e-02 -7.334746215106724421e-02 -1.919587987692069134e-03 9.963489545723854812e-01
0.000000000000000000e+00 7.179963146361820758e-01 -9.617934426123873892e-02 1.279059849986891484e+00 4.084638162688464941e-02 -6.417867758750783747e-02 -2.725865331512465541e-03 9.970984104436751982e-01
0.000000000000000000e+00 5.435987608450574271e-01 -9.021371682926118685e-02 1.267733287052761781e+00 3.783577125030952726e-02 -5.761884513602712893e-02 -2.356994363407247713e-03 9.976186484206556182e-01
0.000000000000000000e+00 3.111668650750171183e-01 -8.939915152754994432e-02 1.237567831893030545e+00 3.877567033654372858e-02 -5.928914631642660110e-02 -2.281957919938122029e-03 9.974848556179050085e-01
0.000000000000000000e+00 7.082579069714695086e-02 -8.760972321923916895e-02 1.204711599614119333e+00 3.920612007790377079e-02 -6.181888247497262234e-02 -3.301144619082073579e-03 9.973115904080261940e-01
0.000000000000000000e+00 -1.648313256823408790e-01 -8.595370066283015975e-02 1.175286658595649403e+00 4.021370411235002801e-02 -6.069105007126747442e-02 -3.596122466440875715e-03 9.973397226351800038e-01
0.000000000000000000e+00 -3.874479887747751539e-01 -7.640530324400254814e-02 1.163052871281574863e+00 3.672533477832936460e-02 -5.904038851486534401e-02 -4.187670663656458021e-03 9.975710228970395832e-01
0.000000000000000000e+00 -5.772280923255533880e-01 -6.247292819687087079e-02 1.149889388215266761e+00 2.896055131665299653e-02 -6.451665599946547480e-02 -4.923761007457123050e-03 9.974841573396659999e-01
0.000000000000000000e+00 -7.222799158808180797e-01 -4.117707320779805807e-02 1.142613550843931680e+00 1.592934787194547064e-02 -7.163190160528620787e-02 -5.620495145191758447e-03 9.972880910665222753e-01
0.000000000000000000e+00 -8.251212777520510189e-01 -3.428954139298903692e-02 1.142874371243524534e+00 1.451563669110881791e-02 -6.790301931573909655e-02 -7.294745493637766129e-03 9.975596538290033566e-01
0.000000000000000000e+00 -9.272876470696951312e-01 -2.850437222960706257e-02 1.116975143935849513e+00 1.858146645833098562e-02 -6.649937523944324247e-02 -1.361599208469700499e-02 9.975205095418194778e-01
0.000000000000000000e+00 -1.039524556676501010e+00 -1.378060905743503338e-02 1.127095646220922287e+00 2.577744490585582443e-02 -5.674908055852205535e-02 -2.229470994311708726e-02 9.978066000475444008e-01
0.000000000000000000e+00 -1.117080955006240606e+00 -5.178364371810500327e-03 1.117505514103775299e+00 2.719710478459089892e-02 -5.712979888177849297e-02 -2.470750350594084002e-02 9.976903541888975102e-01
0.000000000000000000e+00 -1.149757207316031815e+00 9.711496386217604790e-03 1.123920724453814302e+00 1.749943283228600627e-02 -6.144493548531747978e-02 -2.696985459657941231e-02 9.975925604658411050e-01
0.000000000000000000e+00 -1.170889123935786591e+00 3.098044227380523236e-02 1.106172831642402876e+00 8.638114190290755931e-03 -7.003776304575702605e-02 -3.549516211493244922e-02 9.968752119484246554e-01
0.000000000000000000e+00 -1.176071758521869848e+00 2.695577683871542424e-02 1.141335479583605927e+00 1.274120971912457226e-02 -6.298253939836127857e-02 -4.244169479585941512e-02 9.970303725808368212e-01
0.000000000000000000e+00 -1.178416717705939920e+00 2.338606667254053070e-02 1.125989349491923308e+00 2.054641893424302701e-02 -5.984828036004186808e-02 -5.235875712208910848e-02 9.966215874440782496e-01
0.000000000000000000e+00 -1.182169222558380639e+00 2.623886650716243663e-02 1.132844224611384121e+00 2.334302889418656685e-02 -5.530166669408645430e-02 -6.654272176223123558e-02 9.959763525522961070e-01
0.000000000000000000e+00 -1.185266954580962206e+00 3.386588325536627614e-02 1.138629097792982048e+00 2.624477061793466237e-02 -5.355902411362187254e-02 -8.217474673398975082e-02 9.948316209039663738e-01
0.000000000000000000e+00 -1.187967808571729789e+00 4.399108587845788898e-02 1.120814195761408172e+00 2.887710320099514880e-02 -5.387175854885568882e-02 -9.926189211798082390e-02 9.931822709426156859e-01
0.000000000000000000e+00 -1.192122129334495906e+00 5.732407242021096000e-02 1.140280308101489393e+00 2.704484399869051814e-02 -5.196723835512831458e-02 -1.171286492116832556e-01 9.913873421043231104e-01
0.000000000000000000e+00 -1.194446979474537596e+00 6.970076525309436277e-02 1.134734119021318044e+00 2.718951101111661064e-02 -5.399441980587681850e-02 -1.368470917498436634e-01 9.887457745044542223e-01
0.000000000000000000e+00 -1.197673547073089262e+00 8.000868653957318721e-02 1.115354430261372487e+00 2.702536887556274137e-02 -5.514745804635549226e-02 -1.581009926659487363e-01 9.855112700655467295e-01
0.000000000000000000e+00 -1.207504271438904375e+00 7.756690045622294249e-02 1.123903283594790636e+00 3.273873177027190190e-02 -5.071978344600346772e-02 -1.854754962508338434e-01 9.807928014110686155e-01
0.000000000000000000e+00 -1.221155538167528753e+00 6.095262228785387065e-02 1.121224017884334678e+00 4.059185022811336030e-02 -4.326141269647993531e-02 -2.138412979115884849e-01 9.750654599431006764e-01
0.000000000000000000e+00 -1.240769713756506132e+00 4.278515095461358358e-02 1.101291373226937154e+00 5.002267415597678318e-02 -4.164993482228293575e-02 -2.447344570090297378e-01 9.674027395826828579e-01
0.000000000000000000e+00 -1.285754510997797029e+00 5.175413733734980648e-02 1.101162982909793531e+00 4.031165022503391260e-02 -4.484920256268771360e-02 -2.793583393602260267e-01 9.582914160710832574e-01
0.000000000000000000e+00 -1.335084553133459639e+00 5.339522094209279979e-02 1.099929894822090581e+00 3.300508134834664875e-02 -4.454480834965525438e-02 -3.183791142214288383e-01 9.463409344849559313e-01
0.000000000000000000e+00 -1.386138056924305584e+00 4.724092349189441820e-02 1.071424836071653841e+00 3.126247160292235094e-02 -4.694579221745253522e-02 -3.581405602728185422e-01 9.319624936390005221e-01
0.000000000000000000e+00 -1.449478234560277246e+00 2.778793186829617290e-02 1.065270004145755012e+00 2.948104044818589814e-02 -3.946767060279209732e-02 -4.030971267724084428e-01 9.138303330592121299e-01
0.000000000000000000e+00 -1.516334154930408351e+00 -9.583875714891582076e-03 1.031207303305440748e+00 3.474922553653989055e-02 -3.417045896744711625e-02 -4.550762224477926110e-01 8.891178228003372430e-01
0.000000000000000000e+00 -1.579212525087179797e+00 -5.693313323850634350e-02 9.963892114968224689e-01 3.839793119155723161e-02 -3.051307992330500041e-02 -5.086438506425037254e-01 8.595789574189034443e-01
0.000000000000000000e+00 -1.629838593805107205e+00 -1.024022721363814087e-01 9.950527690627872790e-01 3.723632646070514085e-02 -2.814146155836372981e-02 -5.686045307828638817e-01 8.212858221753680521e-01
0.000000000000000000e+00 -1.693519590431745936e+00 -1.593496477705517445e-01 9.928284243531202424e-01 3.936943100452778427e-02 -2.905795483840577231e-02 -6.263143393489083444e-01 7.780334385416408649e-01
0.000000000000000000e+00 -1.780974778278097803e+00 -2.116955205969218712e-01 9.995102032253686541e-01 3.838642082629996344e-02 -2.293601362243968475e-02 -6.633627869067263427e-01 7.469606649098725626e-01
0.000000000000000000e+00 -1.865877283136982978e+00 -2.601071302999267698e-01 9.965152897052744763e-01 3.754784292944385315e-02 -2.312004129446953299e-02 -6.784756540099895483e-01 7.332983090786483471e-01
0.000000000000000000e+00 -1.915235164710495930e+00 -2.805687163820066998e-01 9.920871889931804910e-01 3.769651321439067976e-02 -3.123174576367038213e-02 -6.855446473810438146e-01 7.263828793379087934e-01
0.000000000000000000e+00 -1.933874202902922779e+00 -2.600063152762584484e-01 9.883104067407161297e-01 3.708819597142683222e-02 -2.484384508746956266e-02 -6.884623791934653125e-01 7.238969550399614317e-01
0.000000000000000000e+00 -1.935181116594900441e+00 -2.110040230150512230e-01 9.915020012626893919e-01 3.698016330532401946e-02 -1.980490256612707847e-02 -6.885034593730162689e-01 7.240187979518537542e-01
0.000000000000000000e+00 -1.938891593295233085e+00 -2.024211125247332155e-01 9.915209264108018061e-01 3.725634300867771559e-02 -2.261438297300217420e-02 -6.885066516936213521e-01 7.239192946468607781e-01
0.000000000000000000e+00 -1.945555316027166803e+00 -1.888738359974917458e-01 9.931658211716988260e-01 3.692613536426676835e-02 -2.246252579694464624e-02 -6.885153152627729867e-01 7.239327013683565237e-01
0.000000000000000000e+00 -1.950123753595549791e+00 -1.382050166620722442e-01 9.881760613767049950e-01 3.698785588388016354e-02 -1.747736070562173546e-02 -6.881933201832037827e-01 7.243731044393469931e-01
0.000000000000000000e+00 -1.950467366219849730e+00 -3.488713276788506235e-02 9.953550859652116056e-01 3.611789047174380346e-02 -7.481735608706880682e-03 -6.883699048301925583e-01 7.244214213731010599e-01
0.000000000000000000e+00 -1.949856373226600548e+00 1.176878948763870059e-01 1.009220900692230138e+00 3.591058207765777943e-02 3.406528938301088983e-03 -6.879917205345513764e-01 7.248215077737028000e-01
0.000000000000000000e+00 -1.958284008807196441e+00 3.137512699426627805e-01 1.016900987144661705e+00 3.970974311431779008e-02 8.983499558952473540e-03 -6.870306910909118603e-01 7.254869141043228664e-01
0.000000000000000000e+00 -1.976747880762560472e+00 5.527862018381213272e-01 1.023382166794364334e+00 3.872403094660514800e-02 3.424213589659642031e-03 -6.872904585225547702e-01 7.253416779783132817e-01
0.000000000000000000e+00 -2.008666734941427112e+00 8.072206258695301395e-01 1.005375237328282712e+00 4.009236897729870353e-02 -1.256928328936792252e-02 -6.875104585869035168e-01 7.249579190553100405e-01
0.000000000000000000e+00 -2.038290175781759306e+00 1.056356737724002626e+00 1.006839686137891210e+00 3.925316978518468558e-02 -1.717802586080384442e-02 -6.884410782949504926e-01 7.240255422327496193e-01
0.000000000000000000e+00 -2.052161179535345603e+00 1.287063872185737701e+00 1.008937653831339265e+00 4.166071437771977359e-02 -1.553850208053589137e-02 -6.882743835059061954e-01 7.240865368450071227e-01
0.000000000000000000e+00 -2.063678911358140411e+00 1.520804812899331449e+00 1.020734353578663267e+00 4.209917450417655777e-02 -1.385693652424969252e-02 -6.883425691778095601e-01 7.240304912598103382e-01
0.000000000000000000e+00 -2.077077394145231182e+00 1.752696517089695094e+00 1.030433046936237496e+00 4.513093186654146272e-02 -1.179121508248495362e-02 -6.881634904611583226e-01 7.240546779298173696e-01
0.000000000000000000e+00 -2.091276416068086785e+00 1.983357467593896750e+00 1.039967893254260201e+00 4.602110598210520237e-02 -1.158146183427308414e-02 -6.880347089022383900e-01 7.241244139592153406e-01
0.000000000000000000e+00 -2.103113584839479078e+00 2.212851709279759049e+00 1.058938544618498456e+00 4.804493019141395371e-02 -8.773320218011287225e-03 -6.879575635109411724e-01 7.241057273239480674e-01
0.000000000000000000e+00 -2.120800614123681704e+00 2.444714714782745713e+00 1.069444616665491177e+00 5.156778837573480767e-02 -8.397275269613384621e-03 -6.877630873518018051e-01 7.240526117944742213e-01
0.000000000000000000e+00 -2.131855928255397270e+00 2.672926031451581252e+00 1.091572110836923626e+00 5.296654548995110429e-02 -6.337983978387911645e-03 -6.878982051132418452e-01 7.238442059034050358e-01
0.000000000000000000e+00 -2.146016431678372971e+00 2.906709703589651195e+00 1.106175779266517889e+00 5.420532836022082940e-02 -6.292362393773910309e-03 -6.878540106924655451e-01 7.237948939631694278e-01
0.000000000000000000e+00 -2.159911917393929848e+00 3.138612138368529259e+00 1.131059900016049280e+00 5.730795687745872391e-02 -4.530471890238279252e-03 -6.877434116796096175e-01 7.236741480765178647e-01
0.000000000000000000e+00 -2.178593304234443639e+00 3.367711032361655921e+00 1.147511089003690143e+00 6.250586310735598006e-02 -4.949325607335077273e-03 -6.875584946476714920e-01 7.234167800729155440e-01
0.000000000000000000e+00 -2.190020879823237454e+00 3.600248252113344982e+00 1.158212625128480999e+00 5.880487754624300067e-02 -1.569034363408563408e-03 -6.878456870103428766e-01 7.234693050635991884e-01
0.000000000000000000e+00 -2.197687983749660567e+00 3.841973167793353738e+00 1.179021590913711837e+00 5.468811537418034191e-02 -9.576297566128872405e-04 -6.880552921554038415e-01 7.235939523786885097e-01
0.000000000000000000e+00 -2.204301513720608341e+00 4.079091150733152205e+00 1.184454530392683003e+00 5.057970456411046284e-02 2.105410861765450500e-03 -6.881389271368281157e-01 7.238108024133694807e-01
0.000000000000000000e+00 -2.213633727861828771e+00 4.317556508760822531e+00 1.208184210013694582e+00 4.884013670897528747e-02 3.458392034913694568e-03 -6.883293623319994836e-01 7.237439944637913403e-01
0.000000000000000000e+00 -2.222685804237944485e+00 4.550024775432450319e+00 1.212018005246914498e+00 4.713313427741732536e-02 6.227827969689733907e-03 -6.883624146648739117e-01 7.238072035346920785e-01
0.000000000000000000e+00 -2.233963556541315842e+00 4.784504192529885458e+00 1.234131150342953953e+00 4.648987577824042344e-02 7.984412169790877298e-03 -6.884354580749929564e-01 7.237620884499968987e-01
0.000000000000000000e+00 -2.246013207608144047e+00 5.018486124907885149e+00 1.246626848106046737e+00 4.665784954696702153e-02 9.128169530614646185e-03 -6.884321202790325556e-01 7.237409324922756682e-01
0.000000000000000000e+00 -2.257694117643969101e+00 5.252466263215323394e+00 1.255357044852526638e+00 4.672912893958743735e-02 1.290521173961387165e-02 -6.882030743649857341e-01 7.238966586834650885e-01
0.000000000000000000e+00 -2.274233213305123513e+00 5.481058211236265798e+00 1.274053301195693599e+00 5.024424073992440204e-02 1.285513897868665462e-02 -6.881321516956874218e-01 7.237295098840246244e-01
0.000000000000000000e+00 -2.287811448118665769e+00 5.708714854819074702e+00 1.274933509987017821e+00 5.188356455290494412e-02 1.794095169266004056e-02 -6.879481369611817332e-01 7.236805779024924057e-01
0.000000000000000000e+00 -2.301556065837682574e+00 5.943143216448653732e+00 1.294219614764847037e+00 5.127460419933582703e-02 1.804487696935939273e-02 -6.878801607634583704e-01 7.237860055343712240e-01
0.000000000000000000e+00 -2.305167195455849694e+00 6.172988301479848339e+00 1.295253563432996247e+00 4.739034567111685692e-02 2.451627726651495892e-02 -6.878924753352710919e-01 7.238487754104974137e-01
0.000000000000000000e+00 -2.308897207667747864e+00 6.416494932588346245e+00 1.320148228616802699e+00 4.074418596878165433e-02 2.490630806179996992e-02 -6.878748212802590078e-01 7.242567344368457949e-01
0.000000000000000000e+00 -2.318192325446592594e+00 6.644776978757556130e+00 1.329552548337483930e+00 4.374118084432842418e-02 3.007115721741607239e-02 -6.877248718819348738e-01 7.240282696117087413e-01
0.000000000000000000e+00 -2.326506284644907385e+00 6.874779893063695191e+00 1.353808148389699761e+00 4.379013740239524194e-02 3.042129874626796002e-02 -6.878837409394341629e-01 7.238597429060682487e-01
0.000000000000000000e+00 -2.338637711597528757e+00 7.108026718824467238e+00 1.378958946544286857e+00 4.400493626662702745e-02 3.111374075243338033e-02 -6.877597924748521940e-01 7.239350582583420346e-01
0.000000000000000000e+00 -2.352071678795958132e+00 7.343138390667720117e+00 1.403750102678535949e+00 4.406998921817963100e-02 3.019531732755171075e-02 -6.878051505394439102e-01 7.239268980727342484e-01
0.000000000000000000e+00 -2.366325803141640094e+00 7.579281443582871702e+00 1.428187040407957964e+00 4.404488335710173008e-02 2.852865628538374040e-02 -6.878892696083005465e-01 7.239160978859142670e-01
0.000000000000000000e+00 -2.379683585596176432e+00 7.816992488993574462e+00 1.452309154012395132e+00 4.396979399441752062e-02 2.766135583619299190e-02 -6.879305382377142175e-01 7.239151063276418885e-01
0.000000000000000000e+00 -2.391630803784470682e+00 8.048715265589283518e+00 1.475834268612625566e+00 4.399754250873112726e-02 2.784483146967524358e-02 -6.879159283573337280e-01 7.239202698680882175e-01
0.000000000000000000e+00 -2.406060060729699135e+00 8.286033531129218588e+00 1.498353989497117178e+00 4.361049905157832196e-02 2.562382111695390638e-02 -6.880207481438184169e-01 7.239260972554166784e-01
0.000000000000000000e+00 -2.422877059630346608e+00 8.529109609475932885e+00 1.519405808664588742e+00 4.175636920190434892e-02 1.998938071098495250e-02 -6.882942583805046199e-01 7.239529295267042031e-01
0.000000000000000000e+00 -2.438327543042260626e+00 8.769766558079949093e+00 1.539993095102234033e+00 4.045393244892002416e-02 1.605462401405015685e-02 -6.884813647142564719e-01 7.239469171412918902e-01
0.000000000000000000e+00 -2.450563525268271814e+00 9.004871776161268215e+00 1.558674296955529615e+00 4.040134132932375610e-02 1.596847763934382963e-02 -6.884959136040621486e-01 7.239379229541583749e-01
0.000000000000000000e+00 -2.462905315215794921e+00 9.240205899538423751e+00 1.577167868539626427e+00 4.022686897177329274e-02 1.563574849486824500e-02 -6.885070383945490757e-01 7.239443213831435742e-01
0.000000000000000000e+00 -2.477581042172222414e+00 9.484990291201409462e+00 1.592373816196425373e+00 3.798490024047222746e-02 1.135989208966038840e-02 -6.886859335746611244e-01 7.239749892792084474e-01
0.000000000000000000e+00 -2.493040015212410587e+00 9.730268919784421655e+00 1.606622418084378445e+00 3.389181420014068802e-02 4.532713513890258318e-03 -6.889682316749218272e-01 7.239845130810157459e-01
0.000000000000000000e+00 -2.506077440798850198e+00 9.974591763134867506e+00 1.619717620748247322e+00 3.032845880065160316e-02 2.936150186293332107e-04 -6.891530753055199465e-01 7.239807574610961360e-01
0.000000000000000000e+00 -2.517863001052292216e+00 1.021402619053823280e+01 1.629914365269528043e+00 2.932128065902982889e-02 -6.261304343462320739e-04 -6.892013292961567394e-01 7.239761033056301143e-01
0.000000000000000000e+00 -2.518609611237463408e+00 1.042107153580074375e+01 1.638951612732116425e+00 2.231531882559859709e-02 -7.119054025718013316e-03 -6.888777177881174607e-01 7.244990238437354346e-01
0.000000000000000000e+00 -2.518474215054217868e+00 1.056920019642258524e+01 1.654174553415648452e+00 1.489806644431059673e-02 -1.393755078424434996e-02 -6.887204415890054721e-01 7.247399158538205821e-01
0.000000000000000000e+00 -2.518892232355706362e+00 1.067271450395724486e+01 1.656943181069334248e+00 1.412844232122064704e-02 -1.512899764177637330e-02 -6.886318508188720156e-01 7.248156141983326251e-01
0.000000000000000000e+00 -2.519097730517440237e+00 1.073519829073505072e+01 1.648711923413856084e+00 1.927320958697035028e-02 -1.040840071394348934e-02 -6.887631591174273593e-01 7.246554486301584053e-01
0.000000000000000000e+00 -2.519378073941490825e+00 1.074532974323753542e+01 1.648642025906608133e+00 2.119043550887747193e-02 -8.770486959294781712e-03 -6.888522180447557153e-01 7.245389331818278267e-01
0.000000000000000000e+00 -2.519457342851434412e+00 1.074359007660413212e+01 1.648518305239274451e+00 2.200469515262357817e-02 -8.060922587252992641e-03 -6.888367028994977215e-01 7.245376537191366983e-01
0.000000000000000000e+00 -2.519585982123756729e+00 1.074040588786139594e+01 1.648252342250678737e+00 2.348686239662123657e-02 -6.757415195052750984e-03 -6.887985554784828990e-01 7.245407197703930269e-01
0.000000000000000000e+00 -2.519681839171949989e+00 1.073584210712471432e+01 1.648054516838389105e+00 2.554831890955734999e-02 -4.859152706891201219e-03 -6.887304329488077581e-01 7.245509386965242049e-01
0.000000000000000000e+00 -2.519732695499573794e+00 1.073554262818588967e+01 1.648085952553748346e+00 2.559439323392107002e-02 -4.804774533415306220e-03 -6.886965079059758077e-01 7.245819216450163358e-01
0.000000000000000000e+00 -2.519742568416219353e+00 1.073947052472555441e+01 1.648171701740061890e+00 2.380734713456825191e-02 -6.471554437673457394e-03 -6.887551907898573633e-01 7.245740930819991599e-01
0.000000000000000000e+00 -2.519651432370217048e+00 1.074209774938423223e+01 1.648379860519600726e+00 2.258810317682239874e-02 -7.539082995473373773e-03 -6.888018595663608634e-01 7.245584435229388554e-01
0.000000000000000000e+00 -2.519629588496603567e+00 1.074330885883962239e+01 1.648501516158640268e+00 2.202963753602588115e-02 -8.033681017764235377e-03 -6.888263194634769437e-01 7.245470700056252378e-01
0.000000000000000000e+00 -2.519635168509978929e+00 1.074325735758425182e+01 1.648472515963841811e+00 2.205525377116005978e-02 -8.009114465645046296e-03 -6.888332900645498524e-01 7.245399356594593998e-01
0.000000000000000000e+00 -2.519688915954330533e+00 1.074207291896486893e+01 1.648379178965218017e+00 2.260427058334926395e-02 -7.520856990385169950e-03 -6.888245959900541893e-01 7.245365136559120955e-01
0.000000000000000000e+00 -2.519792824959737665e+00 1.073977067892994341e+01 1.648173000784570075e+00 2.367770564266098374e-02 -6.581443081940509254e-03 -6.887985362596278360e-01 7.245361463095220111e-01
0.000000000000000000e+00 -2.519923649352755479e+00 1.073645151566769762e+01 1.647882360476754293e+00 2.522174419784272217e-02 -5.223658913599367112e-03 -6.887541917690794824e-01 7.245372594475009143e-01
0.000000000000000000e+00 -2.519893352293092637e+00 1.073513891989674285e+01 1.648133163914904609e+00 2.568615742118368281e-02 -4.683370814542705922e-03 -6.887076375821925556e-01 7.245688906451223099e-01
0.000000000000000000e+00 -2.519980064802718189e+00 1.073792811199957953e+01 1.648021086344396258e+00 2.443227611772239016e-02 -5.915220491551992366e-03 -6.887401723274529930e-01 7.245723214921987454e-01
0.000000000000000000e+00 -2.519914111204315521e+00 1.074014023471743329e+01 1.648219345320666163e+00 2.340539306502836814e-02 -6.817363609437715466e-03 -6.887813741258712597e-01 7.245591278744369923e-01
0.000000000000000000e+00 -2.519885125822879157e+00 1.074135123200933428e+01 1.648328791219528133e+00 2.284352237140770125e-02 -7.310723887283226800e-03 -6.888070901032270488e-01 7.245478034094340325e-01
0.000000000000000000e+00 -2.519897107930312963e+00 1.074161989069431122e+01 1.648342009339096581e+00 2.272099285869490226e-02 -7.421386085035150230e-03 -6.888187528613064492e-01 7.245394435216666595e-01
0.000000000000000000e+00 -2.519470043511834234e+00 1.073919682046246571e+01 1.646940024266622338e+00 2.156209133595092878e-02 -8.018800740596541965e-03 -6.879831477019816566e-01 7.253619534618397369e-01
0.000000000000000000e+00 -2.514993372262166460e+00 1.072320982037848935e+01 1.648995485387696913e+00 2.069825236293442242e-02 -9.496364749092595439e-03 -6.800968313593434011e-01 7.327685182788989948e-01
0.000000000000000000e+00 -2.514145563230266500e+00 1.070228185282057076e+01 1.648853595154534002e+00 1.974363866638030249e-02 -1.040931057331942293e-02 -6.728344621080434296e-01 7.394563013359070069e-01
0.000000000000000000e+00 -2.514148812004774580e+00 1.069447086928354551e+01 1.648436346305019784e+00 2.215243082748257278e-02 -8.274241153735348991e-03 -6.722146658181311629e-01 7.399785468517191545e-01
0.000000000000000000e+00 -2.514853222708698155e+00 1.068566571622123362e+01 1.647848094913410888e+00 2.617618085968378278e-02 -5.029485933599355148e-03 -6.699010667003477693e-01 7.419717465379536137e-01
0.000000000000000000e+00 -2.516316403862835394e+00 1.066656662142461442e+01 1.647635485120801269e+00 2.352680648839621316e-02 -7.380418273577504101e-03 -6.577133289254514237e-01 7.528646596542871716e-01
0.000000000000000000e+00 -2.521178174479414391e+00 1.063906598695502304e+01 1.647507495196864014e+00 1.838255980533801126e-02 -1.190354118387253884e-02 -6.347101923393497769e-01 7.724398739985089968e-01
0.000000000000000000e+00 -2.524749411457785087e+00 1.059881460274940501e+01 1.651403185641657112e+00 1.425502628977588088e-02 -1.496989667150509101e-02 -6.017335769365359521e-01 7.984293323809465992e-01
0.000000000000000000e+00 -2.530223162720001362e+00 1.054949874972389345e+01 1.649774252743753111e+00 1.741106610717792214e-02 -1.502396243897092566e-02 -5.588927656622177942e-01 8.289209925077787311e-01
0.000000000000000000e+00 -2.538910610210303620e+00 1.049180957691427984e+01 1.650764689707857613e+00 2.448777515618645595e-02 -1.512882165891595541e-02 -5.034421623919030919e-01 8.635493366040399854e-01
0.000000000000000000e+00 -2.544402181458499168e+00 1.041858858423612411e+01 1.659729328775453538e+00 2.474627382330141581e-02 -2.042361882532012229e-02 -4.389064066845171364e-01 8.979597228702550504e-01
0.000000000000000000e+00 -2.544450514032381871e+00 1.034722906909856022e+01 1.666717201318541841e+00 2.296307630733226621e-02 -2.530646296011941285e-02 -3.818949945631530674e-01 9.235737616382142523e-01
0.000000000000000000e+00 -2.542733967775847592e+00 1.029399531590347827e+01 1.673286434238577369e+00 2.732369253104597467e-02 -2.698026935345574154e-02 -3.338080608850577669e-01 9.418586196347310535e-01
0.000000000000000000e+00 -2.522831170924512811e+00 1.024969201250554995e+01 1.670227683455851375e+00 2.759875449088028398e-02 -2.593122647699333885e-02 -3.307665910072235538e-01 9.429524603697745366e-01
0.000000000000000000e+00 -2.507585199665358644e+00 1.020887004914134089e+01 1.674191993342685425e+00 3.076056174059963247e-02 -2.684741605099524864e-02 -3.289888402972714898e-01 9.434507655689531314e-01
0.000000000000000000e+00 -2.488923439610245758e+00 1.016366975624288571e+01 1.671953220166526588e+00 3.029465041519397925e-02 -2.593330041351129753e-02 -3.269203688376716155e-01 9.442101304926381333e-01
0.000000000000000000e+00 -2.471475540776882251e+00 1.011630217419799216e+01 1.668648656107818873e+00 3.126353127624989514e-02 -2.529328348168238816e-02 -3.249693261271325295e-01 9.448691859190517794e-01
0.000000000000000000e+00 -2.455895633850565307e+00 1.006937275508043506e+01 1.673501770300837688e+00 3.362330110147147139e-02 -2.605998810897696555e-02 -3.233900228988369485e-01 9.453090731249169654e-01
0.000000000000000000e+00 -2.440583323960906270e+00 1.001748594732398345e+01 1.665482915875127423e+00 3.278074890193781454e-02 -2.449460325203289476e-02 -3.218636503996791243e-01 9.459012778637878593e-01
0.000000000000000000e+00 -2.439368279379827253e+00 9.995571911682896271e+00 1.664984489809602453e+00 3.995479866899362409e-02 -2.108721460704514328e-02 -3.218464856782471406e-01 9.457133725923506651e-01
0.000000000000000000e+00 -2.419842345546216578e+00 9.959721604416634122e+00 1.660077535835469353e+00 3.201685553889269120e-02 -2.355431214050464350e-02 -3.201209862873381495e-01 9.465424816031297039e-01
0.000000000000000000e+00 -2.368606324747285719e+00 9.873001176288946468e+00 1.672056018588562010e+00 1.539709875049540683e-02 -2.978392899284409631e-02 -3.182452661751780654e-01 9.474153247023749946e-01
0.000000000000000000e+00 -2.357376572711680662e+00 9.811861955047822548e+00 1.669326524733397044e+00 1.449238104842648020e-02 -3.005250136111482090e-02 -3.149820079938520645e-01 9.485110187518374092e-01
0.000000000000000000e+00 -2.358123269653034981e+00 9.780224551379939513e+00 1.660431974016777446e+00 2.976673455084259332e-02 -2.544456434108480908e-02 -3.147590270087652908e-01 9.483634696550512500e-01
0.000000000000000000e+00 -2.344035257501166480e+00 9.726424202880412651e+00 1.653003839840062605e+00 4.085792093680243320e-02 -2.048047681227225039e-02 -3.123476731740720269e-01 9.488678050334551362e-01
0.000000000000000000e+00 -2.281817963324292542e+00 9.615735813387168207e+00 1.659327056521155974e+00 3.531257587858456504e-02 -2.487236797971826771e-02 -3.108243318005333711e-01 9.494854512085231235e-01
0.000000000000000000e+00 -2.142438703797008515e+00 9.475630938948860660e+00 1.664744555569687146e+00 2.445704927002996174e-02 -2.698543883492364112e-02 -3.152355769432048094e-01 9.483143834515929127e-01
0.000000000000000000e+00 -1.973770332144302531e+00 9.335746159922283738e+00 1.666772237772654597e+00 2.421835554034859617e-02 -2.878341998348382322e-02 -3.153284524624565544e-01 9.482367600217826986e-01
0.000000000000000000e+00 -1.790642581115987397e+00 9.178680837602119169e+00 1.681404338488757144e+00 2.948586530172870798e-02 -2.917926327548664087e-02 -3.160908607631335299e-01 9.478215665852564031e-01
0.000000000000000000e+00 -1.618352137953371406e+00 9.024133594773600109e+00 1.690086025386776214e+00 4.036828030968155762e-02 -3.001376369406503694e-02 -3.153615045748299761e-01 9.476374292766487351e-01
0.000000000000000000e+00 -1.455235261645540623e+00 8.857991664573107826e+00 1.710674659981209933e+00 4.987909467550324244e-02 -2.963671473512537874e-02 -3.154429149106949271e-01 9.471692079489836269e-01
0.000000000000000000e+00 -1.351750943114471859e+00 8.721864618368874389e+00 1.716447973054399556e+00 6.979267943471344215e-02 -2.330127252704504784e-02 -3.126882414288597034e-01 9.470016347758175579e-01
0.000000000000000000e+00 -1.318978106905844383e+00 8.607802755631514202e+00 1.736337445868875395e+00 9.844471263183098009e-02 -1.552853798204467152e-02 -2.975109426580878069e-01 9.495023654850324180e-01
0.000000000000000000e+00 -1.235260902383041870e+00 8.484034392163934513e+00 1.748476483513415669e+00 1.123485125544664703e-01 -1.083939281168270347e-02 -2.565733147360312882e-01 9.599116904463859123e-01
0.000000000000000000e+00 -1.171177009525316670e+00 8.354954586252169690e+00 1.734765730171055065e+00 1.159860967858415137e-01 -6.600854262628245289e-03 -2.252536536666366607e-01 9.673491849302503498e-01
0.000000000000000000e+00 -1.152869258084478599e+00 8.238010366988651967e+00 1.719703331075394637e+00 1.156126603337787051e-01 -6.026264450340860016e-03 -2.053087495627138326e-01 9.718259691222065344e-01
0.000000000000000000e+00 -1.167208039994428015e+00 8.157508669530717071e+00 1.734104733425940958e+00 1.181435785180641740e-01 -1.247302583302938028e-02 -1.796037929622511242e-01 9.765392956942835490e-01
0.000000000000000000e+00 -1.172899729274440972e+00 8.094977397469572011e+00 1.709754103422261196e+00 1.116552263049058746e-01 -1.215293799982153887e-02 -1.507520385639101179e-01 9.821706773293519266e-01
0.000000000000000000e+00 -1.150335151587384530e+00 8.073650682673966017e+00 1.719798402402218374e+00 1.096585423172267010e-01 -1.327668267929498630e-02 -1.192145420917970905e-01 9.867049339836796440e-01
0.000000000000000000e+00 -1.089130784108634620e+00 8.084401559727490749e+00 1.712498246468192820e+00 1.107580344663068733e-01 -1.339710048567761477e-02 -9.032164556679088407e-02 9.896439641819899657e-01
0.000000000000000000e+00 -1.048178877521136476e+00 8.088082065368020324e+00 1.692483451842127229e+00 1.088053392897395666e-01 -9.106297117219382814e-03 -6.083586658355525506e-02 9.921579868306686922e-01
0.000000000000000000e+00 -1.065523211942404957e+00 8.060742268441815739e+00 1.718267566421600501e+00 1.126559850564142762e-01 -1.320817458106048753e-02 -2.758962241358728015e-02 9.931631214912689520e-01
0.000000000000000000e+00 -1.070437034383719732e+00 8.043450871012760572e+00 1.670456770454213258e+00 1.045776453300330672e-01 -7.420859879965786138e-03 5.500284166198757263e-03 9.944738276143616496e-01
0.000000000000000000e+00 -1.138690097036169746e+00 7.988984098401899381e+00 1.649094671736342388e+00 9.019116867466869802e-02 -1.637210066175458570e-02 3.672561875168001838e-02 9.951124239704403074e-01
0.000000000000000000e+00 -1.236568569373914794e+00 7.918182563793344286e+00 1.605915031374046897e+00 6.913088221405097600e-02 -3.027536557940930032e-02 6.670594773063522054e-02 9.949143882267951211e-01
0.000000000000000000e+00 -1.345714248798880686e+00 7.841278584495630533e+00 1.570129878540269086e+00 4.736782905184617337e-02 -3.995416286414761597e-02 1.027417854821485038e-01 9.927759461009721953e-01
0.000000000000000000e+00 -1.480123153016492665e+00 7.759019064373788410e+00 1.534627709203725265e+00 4.707847152291658177e-02 -3.860371543968639518e-02 1.404012088751934728e-01 9.882210639425279552e-01
0.000000000000000000e+00 -1.618972628267572489e+00 7.685044520015785530e+00 1.476439381938465134e+00 5.414331891850100720e-02 -2.075223240995320226e-02 1.750940510576479425e-01 9.828427743798671123e-01
0.000000000000000000e+00 -1.773286975969309953e+00 7.584249697938912682e+00 1.472988462788365593e+00 5.790440878374801537e-02 -1.969571524681070634e-02 2.144535875349776466e-01 9.748173249577065658e-01
0.000000000000000000e+00 -1.912316821196907712e+00 7.490963883175520976e+00 1.440871821592609514e+00 4.522524804705030377e-02 -2.799900026812274234e-02 2.548800638740282842e-01 9.655086151674877604e-01
0.000000000000000000e+00 -2.037506361431144164e+00 7.414324481266852729e+00 1.412420132709188314e+00 4.733075356375372744e-02 -2.230224354725730829e-02 2.875112974590650627e-01 9.563470413679600046e-01
0.000000000000000000e+00 -2.115938168547030429e+00 7.357004923073185765e+00 1.403960154683324024e+00 4.672506972805388209e-02 -2.309369555170188298e-02 3.106966751377681635e-01 9.490790405140185904e-01
0.000000000000000000e+00 -2.216113942906340561e+00 7.270231136009948969e+00 1.400137291584317989e+00 4.284635426778973799e-02 -2.442249372081307587e-02 3.272437608619664928e-01 9.436520824452898637e-01
0.000000000000000000e+00 -2.345554762604904919e+00 7.153964980753580782e+00 1.383573498520251466e+00 4.576908073825409345e-02 -2.749446338193460918e-02 3.394388504009949181e-01 9.391115549124956496e-01
0.000000000000000000e+00 -2.452763017494316244e+00 7.056119164565215485e+00 1.368180092929758729e+00 4.575159855863577402e-02 -2.584254534285155072e-02 3.528752040342060803e-01 9.341937938443766187e-01
0.000000000000000000e+00 -2.507591925536523103e+00 7.002086485633785884e+00 1.361400122706352800e+00 4.555002116316698990e-02 -2.618645599744207422e-02 3.649005155389034583e-01 9.295628428749567185e-01
0.000000000000000000e+00 -2.566884786019627995e+00 6.938385987833463275e+00 1.354851711340171683e+00 4.508877325059996999e-02 -2.309968717355002574e-02 3.756380905604580489e-01 9.253806956595395095e-01
0.000000000000000000e+00 -2.674287169842492151e+00 6.819082535957861957e+00 1.339289882122425945e+00 4.556675263829158828e-02 -2.500945744750350877e-02 3.852251702836733127e-01 9.213575670021368902e-01
0.000000000000000000e+00 -2.822186602727318583e+00 6.652886595980990414e+00 1.319718318500281873e+00 4.516334321355740256e-02 -2.654208642192520257e-02 3.913559060973519910e-01 9.187471604532261304e-01
0.000000000000000000e+00 -2.987496803001246093e+00 6.481688261493328440e+00 1.299579507173382664e+00 4.507012200102333138e-02 -2.703447045802187879e-02 3.915054849561606654e-01 9.186736508462125528e-01
0.000000000000000000e+00 -3.152879539007963583e+00 6.313876394889883947e+00 1.279825263722336182e+00 4.436485790925927958e-02 -2.867425472194254019e-02 3.911872652715060461e-01 9.187938125543907431e-01
0.000000000000000000e+00 -3.320297332325817585e+00 6.143071111090072201e+00 1.258712543029250064e+00 4.377289421592820556e-02 -2.999307828085899866e-02 3.911121720666683177e-01 9.188120688413340398e-01
0.000000000000000000e+00 -3.490959977793912206e+00 5.975110718534359044e+00 1.238947944420417224e+00 4.154327360565836236e-02 -3.281474161311986881e-02 3.906131697530987323e-01 9.190313926990886229e-01
0.000000000000000000e+00 -3.662222281704101690e+00 5.808610857048009279e+00 1.216208839489687277e+00 3.893910518775656887e-02 -3.797825833876081886e-02 3.902889677283348790e-01 9.190842832136136842e-01
0.000000000000000000e+00 -3.834995413006107690e+00 5.638257051049579971e+00 1.197041978458962097e+00 3.645153474599405891e-02 -3.962027879312026574e-02 3.896959613955990331e-01 9.193685750529962952e-01
0.000000000000000000e+00 -3.993987349124954012e+00 5.472687985707848313e+00 1.173747133793850761e+00 3.701776062531252076e-02 -3.867723283427578623e-02 3.896955525697802791e-01 9.193862808231935135e-01
0.000000000000000000e+00 -4.171352034100454631e+00 5.296056481106103497e+00 1.154844005821678676e+00 3.490542239729496621e-02 -3.930238245446708578e-02 3.894801243158037551e-01 9.195336682164580999e-01
0.000000000000000000e+00 -4.333989124764523915e+00 5.137628899612729505e+00 1.132869995097756322e+00 3.263886092589485949e-02 -4.245315259104870398e-02 3.891144156426367684e-01 9.196316687302753534e-01
0.000000000000000000e+00 -4.502538848454898712e+00 4.966946141482841526e+00 1.112761453758877916e+00 3.149988416611209513e-02 -4.234856412514129836e-02 3.890406025540831259e-01 9.197074349913761937e-01
0.000000000000000000e+00 -4.659723708267592635e+00 4.804806331496457084e+00 1.094817854138105950e+00 3.192903261607908660e-02 -3.957831714860214622e-02 3.888004208571019249e-01 9.199175650183152309e-01
0.000000000000000000e+00 -4.825994675682080626e+00 4.637091463608104647e+00 1.068884892644862861e+00 3.064187767176189750e-02 -4.067378247766318539e-02 3.887810454175154584e-01 9.199217452999861599e-01
0.000000000000000000e+00 -4.997256686463721564e+00 4.474508593995282446e+00 1.058284832032323042e+00 2.753684692537959264e-02 -4.108004000797819966e-02 3.885844938130146864e-01 9.200849110502977712e-01
0.000000000000000000e+00 -5.161171814251941825e+00 4.307098577931815164e+00 1.031616392103095414e+00 2.674083405798725194e-02 -4.058002460137511563e-02 3.885724911838034923e-01 9.201356467893458957e-01
0.000000000000000000e+00 -5.322166347047812884e+00 4.140842131509200996e+00 1.025025742936890083e+00 2.642990912513557347e-02 -3.478696748308483105e-02 3.883924937129935029e-01 9.204578195791320860e-01
0.000000000000000000e+00 -5.485462307195805742e+00 3.970556871121753151e+00 1.004910997330445310e+00 2.700711459872487744e-02 -3.332236907518112273e-02 3.884594077577131488e-01 9.204670140775255138e-01
0.000000000000000000e+00 -5.625925954070613244e+00 3.830760328871319675e+00 9.839687769585347965e-01 2.243662708151072938e-02 -3.733129772071139274e-02 3.887956521780910890e-01 9.202939274074917186e-01
0.000000000000000000e+00 -5.718224051853134426e+00 3.738249506488786622e+00 9.746274514297947889e-01 2.121821108772170908e-02 -3.609606799673912431e-02 3.889314355641951271e-01 9.203147286789374881e-01
0.000000000000000000e+00 -5.765950532913629800e+00 3.689279709722165901e+00 9.786537160449241268e-01 1.922492222265313744e-02 -3.445816266151226215e-02 3.885924629276519826e-01 9.205644655032841905e-01
0.000000000000000000e+00 -5.751329000276963477e+00 3.711738422650547875e+00 9.999699966669400863e-01 1.978024359172017577e-02 -4.351241033124438051e-02 3.604770754590150839e-01 9.315426400219870562e-01
0.000000000000000000e+00 -5.722731042465526663e+00 3.741808351637356811e+00 9.892112494115162802e-01 2.302716866494912071e-02 -3.099573676125218225e-02 3.269774928768347522e-01 9.442429417040313355e-01
0.000000000000000000e+00 -5.710020372989242254e+00 3.742546489839656321e+00 9.908763044075513671e-01 3.233214314931402017e-02 -1.676883630289805957e-02 3.188669324015910855e-01 9.470994235396925642e-01
0.000000000000000000e+00 -5.711824049827518124e+00 3.744240880127747140e+00 9.889173132981290415e-01 2.960630137161197190e-02 -1.917970133570446115e-02 3.180565391271600317e-01 9.474152436467442318e-01
0.000000000000000000e+00 -5.728740687314429536e+00 3.778113946279479940e+00 1.016908596555461175e+00 3.171807511927071666e-02 -2.830795726474571658e-02 3.149600860881519027e-01 9.481522912684279270e-01
0.000000000000000000e+00 -5.754910295284163979e+00 3.805586262313076951e+00 1.007453122232118803e+00 2.408791600394115731e-02 -3.281523462136299446e-02 3.065709951492983643e-01 9.509769490437192108e-01
0.000000000000000000e+00 -5.793967095456127758e+00 3.813052372883685148e+00 9.948114384944246602e-01 2.327709369871645145e-02 -3.267461903911731552e-02 2.984848948700161153e-01 9.535708225999918186e-01
0.000000000000000000e+00 -5.889078238153429012e+00 3.761141331355670747e+00 9.879522448319626449e-01 2.956343632576693622e-02 -2.369494056278875424e-02 2.965508027356767995e-01 9.542652537010681835e-01
0.000000000000000000e+00 -5.976922088937826061e+00 3.715947362827697997e+00 9.825645263908109328e-01 2.861521825972065253e-02 -2.334608589954436861e-02 3.003432452455987445e-01 9.531159764648067245e-01
0.000000000000000000e+00 -6.026222295705906618e+00 3.710867173600525426e+00 9.800246486130710366e-01 2.122278782481974713e-02 -3.419612845239546062e-02 3.049953713303752978e-01 9.515030433702545976e-01
0.000000000000000000e+00 -6.061964607350706302e+00 3.707897988200964168e+00 9.897355809422834216e-01 1.776584197437708346e-02 -3.639082726693097097e-02 3.063645543322824905e-01 9.510524919259462084e-01
0.000000000000000000e+00 -6.129573504542618068e+00 3.670266627195498010e+00 9.740197316310580389e-01 2.347924217070310182e-02 -2.627653882023137100e-02 3.120514058733180884e-01 9.494114960264615766e-01
0.000000000000000000e+00 -6.268522821303420756e+00 3.553316296970613131e+00 9.842450013086114780e-01 3.214401517465202696e-02 -1.121857414380285529e-02 3.187115404232839233e-01 9.472401278892536025e-01
0.000000000000000000e+00 -6.424126325613102040e+00 3.415826133250387198e+00 9.689939966363665391e-01 3.162131963911641447e-02 -8.619145690704314855e-03 3.192000769660761628e-01 9.471204323298565431e-01
0.000000000000000000e+00 -6.624723722487247279e+00 3.280495357889388508e+00 9.439506360035121446e-01 2.100590821947764808e-02 -1.886513431345425429e-02 3.190203906945178192e-01 9.473272131889421965e-01
0.000000000000000000e+00 -6.841380206291049149e+00 3.153835290509894751e+00 9.292337643799741809e-01 9.281787441859123619e-03 -2.994355557555002448e-02 3.180975538174164452e-01 9.475395390994267864e-01
0.000000000000000000e+00 -7.032471893346611935e+00 3.011718248702577760e+00 9.138748586231797422e-01 1.092563204442278425e-02 -2.716242266412311618e-02 3.174568138786249549e-01 9.478206606112136168e-01
0.000000000000000000e+00 -7.206728381692500740e+00 2.876391837484162384e+00 9.106910296415682282e-01 1.224288255566995803e-02 -1.622759434566455050e-02 3.177480873777250303e-01 9.479572405843410543e-01
0.000000000000000000e+00 -7.390718351081287274e+00 2.724497130234835307e+00 8.953076317401484907e-01 1.569312345642031106e-02 -8.637579546965942420e-03 3.182431196973378729e-01 9.478398782816944701e-01
0.000000000000000000e+00 -7.567779389182102356e+00 2.590851411348332523e+00 8.962062380127290284e-01 1.517537970466903592e-02 -6.046795467365716215e-03 3.181685652023159561e-01 9.478934055222109079e-01
0.000000000000000000e+00 -7.765494396051481729e+00 2.447414511290534112e+00 8.751702170581071583e-01 1.092297495705372989e-02 -6.700627731668667292e-03 3.186088075076702331e-01 9.477996718635376405e-01
0.000000000000000000e+00 -7.960658057662183040e+00 2.311268089799714431e+00 8.746911529327076051e-01 7.271882045654305335e-03 -1.136126089642188440e-02 3.185736746248436502e-01 9.478021182284738222e-01
0.000000000000000000e+00 -8.154481083572987288e+00 2.178121565815317684e+00 8.532561352654952636e-01 4.259738052436528970e-03 -1.045778799075175111e-02 3.182976729322915532e-01 9.479235626926642011e-01
0.000000000000000000e+00 -8.335437193533076439e+00 2.032340111023990481e+00 8.504771922240584869e-01 6.948377637151380640e-03 -5.516766490219173619e-03 3.183704870619150085e-01 9.479248484472084790e-01
0.000000000000000000e+00 -8.520069359827544986e+00 1.894398537857993503e+00 8.359257739129175580e-01 5.602978168180251621e-03 -1.141182098497675644e-03 3.182910908331689770e-01 9.479757833590984895e-01
0.000000000000000000e+00 -8.709882285619631404e+00 1.749214356272439597e+00 8.353844061493742590e-01 5.164064632554237616e-03 -1.715592377405130743e-03 3.188950619187226332e-01 9.477744081072875248e-01
0.000000000000000000e+00 -8.909426275960605324e+00 1.604731555626676132e+00 8.239048284784386000e-01 1.556062130606826552e-03 -2.788704656247781299e-03 3.184295784276629515e-01 9.479411402504730466e-01
0.000000000000000000e+00 -9.084644047153000557e+00 1.464970580792782862e+00 8.240575729170510622e-01 3.785312661958086314e-03 1.063398463616288493e-03 3.184284005250364036e-01 9.479387608547430455e-01
0.000000000000000000e+00 -9.274563647377574327e+00 1.326744253720558708e+00 8.144167076686595896e-01 3.238178865410924973e-04 -1.113280412823299112e-03 3.182444894984424733e-01 9.480079644457501953e-01
0.000000000000000000e+00 -9.464496183991656153e+00 1.181197382728263356e+00 8.144339466191236054e-01 1.142571099180302420e-03 1.941049456539856025e-04 3.183195127926743417e-01 9.479827765471205980e-01
0.000000000000000000e+00 -9.654236506327579903e+00 1.040569270191476825e+00 8.110269230696751652e-01 5.190840698776810908e-06 -2.477592760387561542e-04 3.185171896832352800e-01 9.479170525234210665e-01
0.000000000000000000e+00 -9.841549990919659763e+00 8.970004897080848805e-01 8.105607494141223723e-01 1.428749337450937790e-04 -7.695011252934064996e-05 3.185603109881814388e-01 9.479025803997723765e-01
0.000000000000000000e+00 -1.002974855585751612e+01 7.544844770504626208e-01 8.105371704368031782e-01 9.190686332259484731e-05 -1.023060917141980911e-04 3.185570554470134041e-01 9.479036783932850430e-01
0.000000000000000000e+00 -1.021783241370859052e+01 6.119627522849341306e-01 8.099848701581832122e-01 8.378686750556592056e-07 -1.938329758742082483e-06 3.185317052274656002e-01 9.479122073063644960e-01
0.000000000000000000e+00 -1.040599023877352458e+01 4.694084855367924303e-01 8.099811820240769844e-01 2.794483287980696155e-06 -1.911716774195522222e-06 3.185306803453179514e-01 9.479125516983543109e-01
0.000000000000000000e+00 -1.059243272894485521e+01 3.282466399884346187e-01 8.100407882594778952e-01 -4.915519155731192294e-05 2.724375237252595788e-06 3.185038453622098253e-01 9.479215674652785584e-01
0.000000000000000000e+00 -1.077448610501548742e+01 1.922085024083783344e-01 8.111601031049023858e-01 -1.662744954366245065e-04 3.317894722474098285e-04 3.182854214940199489e-01 9.479948590224064331e-01
0.000000000000000000e+00 -1.087551352045799824e+01 1.376701104375701035e-01 8.176954078126934533e-01 -6.137780618075004604e-04 1.929754185371372003e-03 3.157255350521388504e-01 9.488483998201796554e-01
0.000000000000000000e+00 -1.089850355183445352e+01 1.368322490122333424e-01 8.184296428203862162e-01 -6.642205127530652472e-04 2.108237430020784391e-03 3.155357348166009102e-01 9.489111202846117754e-01
0.000000000000000000e+00 -1.089811215951072576e+01 1.371346181375061590e-01 8.183400206599130700e-01 -6.795358131522194868e-04 2.092505060409441484e-03 3.155179058437547757e-01 9.489170726389225541e-01
0.000000000000000000e+00 -1.089695070882983785e+01 1.376405099631409779e-01 8.181295902650772556e-01 -8.690075280429830195e-04 1.969908168473607710e-03 3.154338482144848910e-01 9.489451257519190275e-01
0.000000000000000000e+00 -1.089036795283302617e+01 1.351509485963630075e-01 8.170495189025565042e-01 -8.879014295323507363e-04 1.922591713626008300e-03 3.148683547119418003e-01 9.491329909307489876e-01
0.000000000000000000e+00 -1.088584531176906012e+01 1.321086277522675045e-01 8.170096356630603962e-01 -1.042641415081051312e-03 1.813318341193638191e-03 3.145231317070739108e-01 9.492475042878163460e-01
0.000000000000000000e+00 -1.088551522764067592e+01 1.323453666991492028e-01 8.170356346560072591e-01 -1.014558536896880076e-03 1.809370074317996450e-03 3.145128674163059634e-01 9.492509431549079890e-01
0.000000000000000000e+00 -1.088501677512769206e+01 1.324782095739364118e-01 8.170745552692704194e-01 -1.071740119825264357e-03 1.768986206608471170e-03 3.144831189203036170e-01 9.492608124088315336e-01
0.000000000000000000e+00 -1.078940244298874163e+01 1.885140210437279140e-01 8.115474557590562910e-01 -1.301676954171014969e-04 4.146715180971559172e-04 3.058551673899334578e-01 9.520779525253059150e-01
0.000000000000000000e+00 -1.067425171259701067e+01 2.567555558174116070e-01 8.105959426112532284e-01 9.513594011404493723e-05 2.922282385628655559e-05 2.804177374954429647e-01 9.598780561056265981e-01
0.000000000000000000e+00 -1.054956897987256426e+01 3.267857766521389262e-01 8.099969055302543852e-01 -1.831297348004065438e-05 -3.045953808366405996e-06 2.422015459731041709e-01 9.702259586218023868e-01
0.000000000000000000e+00 -1.041493632889867094e+01 3.913433813101641623e-01 8.099844691362668714e-01 -6.236796638910959400e-06 2.518817455483607986e-07 1.947303755412944648e-01 9.808568095306190449e-01
0.000000000000000000e+00 -1.027614779167102732e+01 4.425891556130865934e-01 8.100137635805240155e-01 -3.328591480161359139e-06 -8.781818834788461317e-06 1.430412626268968146e-01 9.897167256836187921e-01
0.000000000000000000e+00 -1.013826340486254018e+01 4.802579334482388052e-01 8.099665703890908119e-01 3.249540758461678077e-06 -2.495473425636790186e-06 9.057046926052793323e-02 9.958900491927514809e-01
0.000000000000000000e+00 -1.000478553543625360e+01 5.057873243445389910e-01 8.100312743881632471e-01 2.129723015079745726e-05 -5.244954012461217288e-06 3.796920259632369232e-02 9.992789096008770633e-01
0.000000000000000000e+00 -9.897605824377265549e+00 5.267869006071582705e-01 8.103008716251967058e-01 9.577164974352313286e-05 -2.276558635747164038e-05 -3.355963953416383171e-03 9.999943638918484812e-01
0.000000000000000000e+00 -9.832840303305736995e+00 5.457911130723428483e-01 8.109356333268533668e-01 1.594170203029330495e-04 1.440516574121807850e-04 -2.116579121071545874e-02 9.997759564611252703e-01
0.000000000000000000e+00 -9.785425370599437400e+00 5.554515030338711412e-01 8.105573442279827567e-01 6.140990478024168947e-05 -1.107589448708173695e-04 -2.064125435482793910e-02 9.997869385923879859e-01
0.000000000000000000e+00 -9.739739588084381339e+00 5.540820440517114642e-01 8.102778876262122232e-01 8.083072927533846560e-05 -1.280541410401466442e-05 -1.701529069249189952e-02 9.998552261127932050e-01
0.000000000000000000e+00 -9.725168526935613400e+00 5.532183987126395586e-01 8.102641334658314820e-01 5.659378565734478317e-05 -4.322896923417674338e-05 -1.676080578731267701e-02 9.998595252923080379e-01
0.000000000000000000e+00 -9.725192226570857912e+00 5.532197860039904658e-01 8.102478695340750159e-01 5.908581791487683976e-05 -4.541851773007081483e-05 -1.677158045799851879e-02 9.998593443754802967e-01
0.000000000000000000e+00 -9.724574486505661142e+00 5.531168913946007404e-01 8.103826692767210904e-01 6.403888582132944113e-05 -7.782280225693877956e-05 -1.509183326743312840e-02 9.998861067197906127e-01
0.000000000000000000e+00 -9.721893230712039369e+00 5.529481228348746003e-01 8.100993086194041570e-01 9.994673167504944085e-05 -9.773473354381104062e-06 -1.272272736710251817e-02 9.999190577859151663e-01
0.000000000000000000e+00 -9.717027596910419618e+00 5.499461772809487448e-01 8.109514470240990480e-01 4.894992524915020007e-05 -2.186958985384647761e-04 -9.544932364261342339e-03 9.999544209823618690e-01
0.000000000000000000e+00 -9.710236563573282353e+00 5.481306473616199826e-01 8.103433331080746038e-01 8.331100362652300742e-05 -3.306513617839232973e-05 -7.407172692299219749e-03 9.999725625029319831e-01
0.000000000000000000e+00 -9.710252891022365773e+00 5.481082307437505907e-01 8.103390047818569419e-01 5.208663398205868006e-05 -6.260570852453529447e-05 -7.413089332919477886e-03 9.999725193594320993e-01
0.000000000000000000e+00 -9.729443677179187233e+00 5.503876871298668538e-01 8.109546212381447683e-01 2.609781172367276847e-04 3.958748437934980703e-05 -7.424885450512039124e-03 9.999724003187789867e-01
0.000000000000000000e+00 -9.796763248953414660e+00 5.539963142071842039e-01 8.103311791523716279e-01 3.519738858586032533e-06 -1.030244907529649531e-04 -7.421321457928274114e-03 9.999724563013644429e-01
0.000000000000000000e+00 -9.860003871052871460e+00 5.543717565639745271e-01 8.101220139011768850e-01 3.136398695642121637e-05 -2.964541594305161298e-05 -7.343820356416713886e-03 9.999730328563977144e-01
0.000000000000000000e+00 -9.875983611460007694e+00 5.543863574629024349e-01 8.101152868129560813e-01 3.057129049181810950e-05 -2.528146156725065159e-05 -7.348613032896908655e-03 9.999729977918087043e-01
0.000000000000000000e+00 -9.878303831502670107e+00 5.550640780624233050e-01 8.101759236810051057e-01 3.930119454775053104e-05 -3.774287791023913990e-05 -7.305517996231074285e-03 9.999733128627473766e-01
0.000000000000000000e+00 -9.917989707660209930e+00 5.584873490207045155e-01 8.103653719279759748e-01 1.057382013455771566e-04 -2.099855277987581250e-05 -7.285202627297399959e-03 9.999734567483142822e-01
0.000000000000000000e+00 -1.000652099311753496e+01 5.619777793986158176e-01 8.100153070110740483e-01 1.604450451715968567e-05 -1.000343208417197028e-05 -7.319497202367932637e-03 9.999732119428049737e-01
0.000000000000000000e+00 -1.014460778546872355e+01 5.653817610613721678e-01 8.100828288946633204e-01 3.996873184479853583e-05 -1.598082333355865486e-05 -7.298324330683140723e-03 9.999733659498527549e-01
0.000000000000000000e+00 -1.033164785274800224e+01 5.688750582399653144e-01 8.099701983217653112e-01 1.715804265592388650e-06 -5.511904122714933031e-09 -7.319442510221049226e-03 9.999732125204132682e-01
0.000000000000000000e+00 -1.056391774073943601e+01 5.723581198323607344e-01 8.099876875040665780e-01 -2.142357826254351000e-06 7.915037011783580522e-08 -7.317876892389048142e-03 9.999732239781183862e-01
0.000000000000000000e+00 -1.079759900412135210e+01 5.758040538731983293e-01 8.099722697516537062e-01 -7.496394797958318252e-06 -7.364737888249990113e-06 -7.326803827219158412e-03 9.999731585573895520e-01
0.000000000000000000e+00 -1.103359095466039719e+01 5.792611954241866368e-01 8.099492664633187733e-01 -1.150609830756699342e-05 -1.206573500733074772e-05 -7.324863234024363290e-03 9.999731726904629303e-01
0.000000000000000000e+00 -1.126960303186330314e+01 5.827085221483033761e-01 8.099753958486447525e-01 -4.528590940787264499e-06 -6.551370905602449100e-06 -7.328369281191379585e-03 9.999731471095861801e-01
0.000000000000000000e+00 -1.150558316393712843e+01 5.861749245512436479e-01 8.099850681515126105e-01 -4.679657169692989224e-06 -9.253587132816455189e-06 -7.307520827346480029e-03 9.999732996594609125e-01
0.000000000000000000e+00 -1.174161322921043471e+01 5.896765431403242497e-01 8.099765533884165647e-01 -6.010304253316728431e-06 -1.048249622164900571e-05 -7.320237400941490349e-03 9.999732066302514655e-01
0.000000000000000000e+00 -1.197524573689563532e+01 5.930971435121175084e-01 8.099803944961305735e-01 -5.666789620873129755e-06 -1.116478806070366216e-05 -7.310563509297284858e-03 9.999732773951568454e-01
0.000000000000000000e+00 -1.221364576030073934e+01 5.966420082293629745e-01 8.099643410267994836e-01 -4.727677825561517614e-06 -8.591844975522549700e-06 -7.327836820836115123e-03 9.999731509952438646e-01
0.000000000000000000e+00 -1.244965155454636019e+01 6.001191326264345705e-01 8.099736095123659663e-01 -1.207119704764972226e-05 -1.056240355059386098e-05 -7.319964894606313492e-03 9.999732085694414963e-01
0.000000000000000000e+00 -1.268563716213282966e+01 6.035676854058134033e-01 8.099541488397694611e-01 -1.033085235108918336e-05 -1.711212900677444858e-05 -7.318350961536666636e-03 9.999732203112503548e-01
0.000000000000000000e+00 -1.292162529872049781e+01 6.070168268008498957e-01 8.099583781648067582e-01 -1.384393922307300387e-06 -9.203509839608727707e-06 -7.326122210378764772e-03 9.999731635632715943e-01
0.000000000000000000e+00 -1.315768132941294333e+01 6.105703987162790503e-01 8.099921352134810126e-01 -4.964304954482172855e-05 -4.715508086376003582e-05 -7.314832600014017049e-03 9.999732439100558201e-01
0.000000000000000000e+00 -1.339135730404728974e+01 6.140481425174604269e-01 8.099315624113705425e-01 -7.648818856980907669e-05 -6.029907627405318792e-05 -7.326139030489514301e-03 9.999731587400155775e-01
0.000000000000000000e+00 -1.362976062493029339e+01 6.175793415288098887e-01 8.099496333525378899e-01 -9.849383560003376699e-05 -8.495068036939482060e-05 -7.322874087947106245e-03 9.999731789390347014e-01
0.000000000000000000e+00 -1.386802174494260598e+01 6.196566081641521340e-01 8.134552773110702573e-01 4.391705312258542245e-04 5.246043419032972530e-04 -7.196593173266526387e-03 9.999738701417291153e-01
0.000000000000000000e+00 -1.410159887886881158e+01 6.221489380524662938e-01 8.140317016163793884e-01 4.840465925621894412e-04 6.000041440185078503e-04 -7.123350485976816596e-03 9.999743314564516483e-01
0.000000000000000000e+00 -1.433932535551199550e+01 6.219440660450528124e-01 8.221803507714996462e-01 1.942785631719869816e-03 1.300386143554685230e-03 -7.060508801376381115e-03 9.999723415151705597e-01
0.000000000000000000e+00 -1.457022093911950300e+01 6.237586648753479235e-01 8.253198623279899282e-01 1.210377026085542257e-03 2.855757186768777961e-03 -6.942353960379839088e-03 9.999710912620592973e-01
0.000000000000000000e+00 -1.480656263361322189e+01 6.257337073886350964e-01 8.316037310536343874e-01 1.680740534873455434e-03 4.387386040229836019e-03 -6.871475416379921146e-03 9.999653537901154188e-01
0.000000000000000000e+00 -1.503369049280265379e+01 6.229565983167152377e-01 8.409248611730353318e-01 3.588515110921188054e-04 7.799662650648882603e-03 -6.729415822127164833e-03 9.999468743142417848e-01
0.000000000000000000e+00 -1.526985852589794135e+01 6.256416440621689334e-01 8.444580677256650070e-01 6.835309158583145446e-04 7.543059191686932348e-03 -6.712143240890109351e-03 9.999487897770722444e-01
0.000000000000000000e+00 -1.550306859004952109e+01 6.157132998862662188e-01 8.549290300334305703e-01 2.661872371070788702e-03 9.628333025733014014e-03 -6.372685683668007084e-03 9.999297967936563447e-01
0.000000000000000000e+00 -1.573687229062508308e+01 6.166325988295502381e-01 8.584147362265733827e-01 3.004829074469843146e-03 9.114266983068483596e-03 -6.365300393163836508e-03 9.999336898467315882e-01
0.000000000000000000e+00 -1.597799165445086089e+01 6.125784850970549256e-01 8.630818993092131963e-01 5.354093537535061474e-03 9.650302829023193335e-03 -5.842081955539160654e-03 9.999220346687658356e-01
0.000000000000000000e+00 -1.621024204806857938e+01 6.129898459696029311e-01 8.661247511638345831e-01 5.743372251068860207e-03 8.940534335754139750e-03 -5.722318293860771329e-03 9.999271651447022569e-01
0.000000000000000000e+00 -1.645272397489732441e+01 6.114800805739522005e-01 8.654618038854400286e-01 8.417466000173796925e-03 7.604246977013769636e-03 -5.741803800275513577e-03 9.999191734251162700e-01
0.000000000000000000e+00 -1.669186092376383712e+01 6.083818369887625810e-01 8.670880288349174236e-01 1.195250618023754700e-02 4.136332730864189858e-03 -5.800131678882665398e-03 9.999031887238176708e-01
0.000000000000000000e+00 -1.693302857334620271e+01 6.027842550500425167e-01 8.671505106128170048e-01 1.673045081516835383e-02 -4.852037381176669997e-04 -5.901786516628353824e-03 9.998425003513133902e-01
0.000000000000000000e+00 -1.717429729935295768e+01 6.067303504786650814e-01 8.667356647220871846e-01 1.558591779784369684e-02 1.025204709353073288e-03 -6.068175559339607054e-03 9.998595928264547572e-01
0.000000000000000000e+00 -1.740784705662867182e+01 6.073036921457170001e-01 8.660681623586693467e-01 1.663259416949051592e-02 -1.159234799618630133e-04 -6.190931764050481081e-03 9.998424954645771523e-01
0.000000000000000000e+00 -1.764123641353775440e+01 6.101787548323729382e-01 8.660029123244227245e-01 1.660574623317310344e-02 -3.374014423749665371e-05 -6.177468677587440345e-03 9.998430311475794419e-01
0.000000000000000000e+00 -1.787722026688913957e+01 6.131183081873579077e-01 8.662243353398727530e-01 1.651522390639662691e-02 8.332050903135330489e-05 -6.205042713818980510e-03 9.998443568285687588e-01
0.000000000000000000e+00 -1.811787572676044533e+01 6.160106851146907037e-01 8.662354723196059592e-01 1.652287753054676109e-02 8.119134939988943526e-05 -6.195270241835795430e-03 9.998442911537305244e-01
0.000000000000000000e+00 -1.828391466783259744e+01 6.185704384683156087e-01 8.660836721328775134e-01 1.645652436940631472e-02 1.062002121881897547e-04 -6.158934598677298297e-03 9.998456076073961585e-01
0.000000000000000000e+00 -1.835509914190989988e+01 6.340786494253366490e-01 8.790610534746803317e-01 1.304988527555125954e-02 6.766160340971794432e-03 -1.782625433028023343e-02 9.997330364777827771e-01
0.000000000000000000e+00 -1.835472603960745630e+01 6.409126985272424193e-01 8.816925086996592054e-01 1.304770443642072619e-02 6.631813476869442663e-03 -1.746574250695782926e-02 9.997403284341532803e-01
0.000000000000000000e+00 -1.835453400710086669e+01 6.464848457923025871e-01 8.801818673177680408e-01 1.370994397160057825e-02 6.688015761434939685e-03 -1.720935307380950033e-02 9.997355380540653425e-01
0.000000000000000000e+00 -1.835417202675685644e+01 6.534844607780277981e-01 8.824727848124080953e-01 1.355185817914142908e-02 6.573269088759678067e-03 -1.682716018037092032e-02 9.997449604542367751e-01
0.000000000000000000e+00 -1.835366102516098152e+01 6.580751038136551934e-01 8.838311944071521875e-01 1.352241195422108390e-02 6.474304123918860586e-03 -1.655984878330034674e-02 9.997504684516660411e-01
0.000000000000000000e+00 -1.835326804503129239e+01 6.579456523183232486e-01 8.837290651464795310e-01 1.354180484316543261e-02 6.437179735903805246e-03 -1.654893047232118899e-02 9.997506264758525552e-01
0.000000000000000000e+00 -1.835286144941904496e+01 6.578061522579022879e-01 8.836389265597646148e-01 1.356254846132565889e-02 6.397007687942095344e-03 -1.653733834694349689e-02 9.997507949545593187e-01
0.000000000000000000e+00 -1.835247423621777685e+01 6.576875908706807383e-01 8.835670858341617695e-01 1.357575442295519581e-02 6.360682227820959461e-03 -1.652495555329848431e-02 9.997510522412096368e-01
0.000000000000000000e+00 -1.835208172833001683e+01 6.575475662197004523e-01 8.834612118665093883e-01 1.360191842911107757e-02 6.322985910394724601e-03 -1.651327534848181025e-02 9.997511287322911055e-01
0.000000000000000000e+00 -1.835168188945968026e+01 6.574341083855474999e-01 8.833775457437753609e-01 1.361999025503404619e-02 6.286910503172402770e-03 -1.650190752206540795e-02 9.997512979085904083e-01
0.000000000000000000e+00 -1.835130213749000205e+01 6.573072900296160759e-01 8.832844769648173777e-01 1.364140979739062939e-02 6.249909040269624981e-03 -1.649061367170095993e-02 9.997514242232711235e-01
0.000000000000000000e+00 -1.835090763781865064e+01 6.571859506685457930e-01 8.832018777514185626e-01 1.366040162080883053e-02 6.214139063133051338e-03 -1.648187064792754064e-02 9.997515320534433592e-01
0.000000000000000000e+00 -1.835053111310702079e+01 6.570516230881308095e-01 8.831059533333250888e-01 1.368311140245086384e-02 6.178232273288996983e-03 -1.646866597649960726e-02 9.997516616386691313e-01
0.000000000000000000e+00 -1.835015897476960234e+01 6.569352423454953849e-01 8.830496524966169325e-01 1.369907740035114160e-02 6.142654792872845500e-03 -1.645869601983547190e-02 9.997518264028336654e-01
0.000000000000000000e+00 -1.834979386197691653e+01 6.568130924255288772e-01 8.829490705225865321e-01 1.371349069771113025e-02 6.109040825252295796e-03 -1.644687165056863201e-02 9.997520293582748963e-01
0.000000000000000000e+00 -1.834942760077490931e+01 6.566853259444094260e-01 8.828515007866816200e-01 1.373424091097379986e-02 6.075078926729962983e-03 -1.643553363033372142e-02 9.997521379206545378e-01
0.000000000000000000e+00 -1.834907631289367202e+01 6.565629347238198799e-01 8.827898392818400719e-01 1.375358009629427600e-02 6.040566934062480825e-03 -1.642519160056903071e-02 9.997522511435193993e-01
0.000000000000000000e+00 -1.834872874084404160e+01 6.564412786521152121e-01 8.826982443642830134e-01 1.376930257604947437e-02 6.008031462166826993e-03 -1.641406555436086823e-02 9.997524135087126895e-01
0.000000000000000000e+00 -1.834838952746666862e+01 6.563228168993533451e-01 8.826269261146700851e-01 1.378735461861018211e-02 5.976453700727271841e-03 -1.640138504935823374e-02 9.997525620983656047e-01
0.000000000000000000e+00 -1.834805862656855879e+01 6.562044448722064161e-01 8.825535651894266254e-01 1.380510102264277499e-02 5.944043394442361135e-03 -1.639048257778261478e-02 9.997526892260643061e-01
0.000000000000000000e+00 -1.834772516474527748e+01 6.560845164667483687e-01 8.824907692544720073e-01 1.382234377786815613e-02 5.912041430673040457e-03 -1.637946340399889719e-02 9.997528213299554656e-01
0.000000000000000000e+00 -1.834740598541289813e+01 6.559683671353662149e-01 8.824173451080736807e-01 1.383931470924984128e-02 5.882042986275488015e-03 -1.636760432192381834e-02 9.997529577187792560e-01
0.000000000000000000e+00 -1.834708033507450864e+01 6.558517997232242713e-01 8.823463686508026260e-01 1.385443443694741282e-02 5.851114605449203934e-03 -1.635744951025342939e-02 9.997530959941187678e-01
0.000000000000000000e+00 -1.834676146016138532e+01 6.557294957074669695e-01 8.822521532215825690e-01 1.387125988439634819e-02 5.822076789264381963e-03 -1.634699507462101381e-02 9.997532032072264929e-01
0.000000000000000000e+00 -1.834644918667676805e+01 6.556114688286396319e-01 8.821954566023185729e-01 1.388655425341999219e-02 5.792189094758115955e-03 -1.633472038740749199e-02 9.997533651187789916e-01
0.000000000000000000e+00 -1.834614132481545568e+01 6.555025782989023497e-01 8.821179448107001608e-01 1.389622972253924497e-02 5.764552081929687904e-03 -1.632229331157630456e-02 9.997535933818113563e-01
0.000000000000000000e+00 -1.834583768516201019e+01 6.553866833549667481e-01 8.820505168548863351e-01 1.391430840724799251e-02 5.734980217294410529e-03 -1.631033402616896208e-02 9.997537071836293254e-01
0.000000000000000000e+00 -1.834553283588021699e+01 6.552597239724996525e-01 8.819681762152115079e-01 1.393380368217047270e-02 5.707434977555339572e-03 -1.629966787342522830e-02 9.997537672487860627e-01
0.000000000000000000e+00 -1.834523570654108937e+01 6.551474569171638063e-01 8.818992862132331023e-01 1.394455188774731610e-02 5.679745369336376519e-03 -1.628800122783522278e-02 9.997539652240402530e-01
0.000000000000000000e+00 -1.834494756443379515e+01 6.550424398016806427e-01 8.818371654289195449e-01 1.395604470924426826e-02 5.651726416636014029e-03 -1.627623470521930016e-02 9.997541552743883786e-01
0.000000000000000000e+00 -1.834464821138262636e+01 6.549252472904146805e-01 8.817656080856478562e-01 1.397830670744644628e-02 5.624124440863373896e-03 -1.626411397758193225e-02 9.997541971716800147e-01
0.000000000000000000e+00 -1.834437519316389498e+01 6.548226315425872412e-01 8.817009798183801372e-01 1.398828016398385131e-02 5.598916249404150766e-03 -1.625213658079182819e-02 9.997543939445554528e-01
0.000000000000000000e+00 -1.834409528627508834e+01 6.547040837062966245e-01 8.816412059402046753e-01 1.400156271310894901e-02 5.572245103305411944e-03 -1.624079299168495680e-02 9.997545413595784192e-01
0.000000000000000000e+00 -1.834380981348412121e+01 6.545904668636638446e-01 8.815597900586622515e-01 1.401075919889737884e-02 5.545635030992247111e-03 -1.622649343616283310e-02 9.997547926714528410e-01
0.000000000000000000e+00 -1.834353513414084347e+01 6.544813863687469757e-01 8.815032882025667371e-01 1.402616594820959607e-02 5.520273086969949491e-03 -1.621322490007544304e-02 9.997549322669923022e-01
0.000000000000000000e+00 -1.834326040752112519e+01 6.543697315921324087e-01 8.814507029484547340e-01 1.404191927129668123e-02 5.494128775619465388e-03 -1.619978161816226087e-02 9.997550730692489340e-01
0.000000000000000000e+00 -1.834299524025652772e+01 6.542488335778355868e-01 8.813790638173952807e-01 1.405503205949534123e-02 5.469584887807771301e-03 -1.618778775518238747e-02 9.997552176620808639e-01
0.000000000000000000e+00 -1.834272311376873432e+01 6.541432178574848599e-01 8.813105893719150874e-01 1.406436577228408272e-02 5.444521625850138984e-03 -1.617378959910990149e-02 9.997554497624371317e-01
0.000000000000000000e+00 -1.834245149195265512e+01 6.540243376924983476e-01 8.812393450691312635e-01 1.407356178754036458e-02 5.418592241644627772e-03 -1.616074640762742154e-02 9.997556721480901354e-01
0.000000000000000000e+00 -1.834219400026510272e+01 6.539220806898957683e-01 8.811888720048304258e-01 1.408600750842733604e-02 5.395010960691862430e-03 -1.614845020702015271e-02 9.997558230913777821e-01
0.000000000000000000e+00 -1.834193211356774000e+01 6.538103307619250737e-01 8.811252577722147317e-01 1.410390808255793452e-02 5.370573386130496514e-03 -1.613536036827681666e-02 9.997559136429694515e-01
0.000000000000000000e+00 -1.834166867733234696e+01 6.536937546141353694e-01 8.810667944521839434e-01 1.411639936005389812e-02 5.345379924735327304e-03 -1.612165311414001309e-02 9.997560934965262769e-01
0.000000000000000000e+00 -1.834141281330201778e+01 6.535855586401577710e-01 8.810159032171656079e-01 1.412924586551094971e-02 5.321453046402922597e-03 -1.610843208050455680e-02 9.997562527759726869e-01
0.000000000000000000e+00 -1.834116763960390628e+01 6.534723604087464555e-01 8.809480913686842385e-01 1.414195188339358034e-02 5.298707450440118087e-03 -1.609580309466311643e-02 9.997563973383818414e-01
0.000000000000000000e+00 -1.834092188726546269e+01 6.533725240186943894e-01 8.809004267633695484e-01 1.415062385572004103e-02 5.275261558056615514e-03 -1.608308695789509302e-02 9.997566032659613855e-01
0.000000000000000000e+00 -1.834068726941408300e+01 6.532661519545529538e-01 8.808348338267559807e-01 1.416486177238345835e-02 5.254209135246999500e-03 -1.607156033991758923e-02 9.997566978648219083e-01
0.000000000000000000e+00 -1.834043552880491390e+01 6.531544507579253311e-01 8.807600997480447003e-01 1.416847682273625168e-02 5.230638057976700825e-03 -1.605687564076495322e-02 9.997570061943488184e-01
0.000000000000000000e+00 -1.834019262365916703e+01 6.530551253310662441e-01 8.807187426923034357e-01 1.418184648504600652e-02 5.207698488656875568e-03 -1.604359848004413211e-02 9.997571495390954466e-01
0.000000000000000000e+00 -1.833996150279260107e+01 6.529426261978374946e-01 8.806619401777788791e-01 1.419748623596344371e-02 5.186270089050999850e-03 -1.603202714000749596e-02 9.997572245765095067e-01
0.000000000000000000e+00 -1.833972593052072497e+01 6.528439287945935199e-01 8.805916941616818150e-01 1.419998731622845040e-02 5.164532146525233243e-03 -1.601884439175006725e-02 9.997575128961420088e-01
0.000000000000000000e+00 -1.833948790238047621e+01 6.527424641509650405e-01 8.805541434277106561e-01 1.421395957375745991e-02 5.142165459772967719e-03 -1.600633688251256598e-02 9.997576299619941320e-01
0.000000000000000000e+00 -1.833924469136234592e+01 6.526270202687528554e-01 8.804808161918749043e-01 1.422423503105921770e-02 5.120420941877122829e-03 -1.599302564061448259e-02 9.997578084506355545e-01
0.000000000000000000e+00 -1.833901566117724613e+01 6.525238309902615663e-01 8.804326877206487545e-01 1.424172301281742894e-02 5.098200315271222104e-03 -1.598200122723324526e-02 9.997578493395009591e-01
0.000000000000000000e+00 -1.833877160101668835e+01 6.524176870795665995e-01 8.803640760192656955e-01 1.424493530040852642e-02 5.076137940302559437e-03 -1.596776295624552713e-02 9.997581433467153111e-01
0.000000000000000000e+00 -1.833852642002590372e+01 6.523127084321254099e-01 8.803217261785478698e-01 1.426104374483169214e-02 5.052770625829907693e-03 -1.595347284037506447e-02 9.997582602032565324e-01
0.000000000000000000e+00 -1.833828533976637232e+01 6.521987826079487238e-01 8.802515256901191076e-01 1.426995299306830188e-02 5.030015375044904515e-03 -1.593934622076014981e-02 9.997584731468681651e-01
0.000000000000000000e+00 -1.833804470442665746e+01 6.520941702852164346e-01 8.801896840947552869e-01 1.427718564559898179e-02 5.008052545346083212e-03 -1.592501569759642924e-02 9.997587085165978715e-01
0.000000000000000000e+00 -1.833780056209981879e+01 6.519830444585867912e-01 8.801504939148199202e-01 1.429832913012479140e-02 4.984760076507813512e-03 -1.591168925012182572e-02 9.997587349437232485e-01
0.000000000000000000e+00 -1.833756374208566342e+01 6.518791495682216830e-01 8.800738322824237514e-01 1.429887632182299216e-02 4.963304923025353178e-03 -1.589805374398406065e-02 9.997590507854018371e-01
0.000000000000000000e+00 -1.833732092614775055e+01 6.517724758816084707e-01 8.800361644721470533e-01 1.431658397800571365e-02 4.940152152469948731e-03 -1.588402721753843019e-02 9.997591349916556958e-01
0.000000000000000000e+00 -1.833708349632666312e+01 6.516657528172881131e-01 8.799672800264529693e-01 1.431988607276393766e-02 4.918699409085290283e-03 -1.587075443633991292e-02 9.997594042631495759e-01
0.000000000000000000e+00 -1.833684253818675458e+01 6.515601402463130354e-01 8.799235022457672084e-01 1.433495622776705981e-02 4.895797990006849412e-03 -1.585670862714306725e-02 9.997595235772966937e-01
0.000000000000000000e+00 -1.833659887148382595e+01 6.514475519198935638e-01 8.798472337941716237e-01 1.434697964578902571e-02 4.873437285117168151e-03 -1.584274502085360886e-02 9.997596817307023986e-01
0.000000000000000000e+00 -1.833636670504180444e+01 6.513426338692783757e-01 8.798007397226235149e-01 1.436226004502274070e-02 4.851521341344594215e-03 -1.582947997132189144e-02 9.997597790424014308e-01
0.000000000000000000e+00 -1.833613076140863996e+01 6.512320578788397540e-01 8.797319063435657949e-01 1.436521085793286863e-02 4.829629891247933307e-03 -1.581584154997919128e-02 9.997600584881287666e-01
0.000000000000000000e+00 -1.833588632310277333e+01 6.511318220538904189e-01 8.796829429939266864e-01 1.437744603944039572e-02 4.806725141859887959e-03 -1.580131714104595492e-02 9.997602226611148613e-01
0.000000000000000000e+00 -1.833565227143540710e+01 6.510213990276286777e-01 8.796343896471089385e-01 1.439500481021248161e-02 4.784833780755951699e-03 -1.578813334091427878e-02 9.997602832918569549e-01
0.000000000000000000e+00 -1.833541441250381610e+01 6.509175299637466328e-01 8.795612616536236938e-01 1.439925285676127258e-02 4.763572645001852048e-03 -1.577433280618262268e-02 9.997605414884819242e-01
0.000000000000000000e+00 -1.833518469068209455e+01 6.508074476719561963e-01 8.795117476329431527e-01 1.441487087682123691e-02 4.742053098125601808e-03 -1.576198078764700847e-02 9.997606135428966923e-01
